0
0.0125
0.025625
0.04
0.055
0.070625
0.086875
0.10375
0.121875
0.140625
0.160625
0.18125
0.203125
0.22625
0.250625
0.27625
0.303125
0.33125
0.360625
0.39125
0.42375
0.4575
0.493125
0.530625
0.57
0.61125
0.654375
0.7
0.748125
0.798125
0.848125
0.898125
0.948125
0.998125
1.04813
1.09813
1.14813
1.19813
1.24813
1.29813
1.34813
1.39813
1.44813
1.49813
1.54813
1.59813
1.64813
1.69813
1.74813
1.79813
1.84813
1.89813
1.94813
1.99813
2.04813
2.09813
2.14813
2.19813
2.24813
2.29813
2.34563
2.39062
2.43375
2.47437
2.51312
2.55
2.585
2.61813
2.65
2.68
2.70875
2.73562
2.76125
2.78562
2.80875
2.83062
2.85187
2.87187
2.89062
2.90875
2.92562
2.94187
2.9575
2.97187
2.98562
2.99875
3
