0.00625
0.0190625
0.0328125
0.0475
0.0628125
0.07875
0.0953125
0.112812
0.13125
0.150625
0.170938
0.192188
0.214688
0.238438
0.263438
0.289688
0.317188
0.345938
0.375938
0.4075
0.440625
0.475313
0.511875
0.550313
0.590625
0.632813
0.677188
0.724063
0.773125
0.823125
0.873125
0.923125
0.973125
1.02313
1.07313
1.12313
1.17313
1.22313
1.27313
1.32313
1.37313
1.42313
1.47313
1.52313
1.57313
1.62313
1.67313
1.72313
1.77313
1.82313
1.87313
1.92313
1.97313
2.02313
2.07313
2.12313
2.17313
2.22313
2.27313
2.32188
2.36813
2.41219
2.45406
2.49375
2.53156
2.5675
2.60156
2.63406
2.665
2.69437
2.72219
2.74844
2.77344
2.79719
2.81969
2.84125
2.86187
2.88125
2.89969
2.91719
2.93375
2.94969
2.96469
2.97875
2.99219
2.99937
