0.00208333
0.00625
0.0104167
0.0145833
0.01875
0.0229167
0.0270833
0.03125
0.0354167
0.0405087
0.0467587
0.0532413
0.0594913
0.0645833
0.06875
0.0729167
0.0770833
0.08125
0.0854167
0.0895833
0.09375
0.0979167
0.102083
0.10625
0.110417
0.114583
0.11875
0.122917
0.127083
0.13125
0.135417
0.14023
0.145901
0.151995
0.15851
0.165448
0.172808
0.18059
0.188794
0.19742
0.206468
0.215938
0.225831
0.236145
0.246882
0.258041
0.269621
0.281624
0.29405
0.306897
0.320166
0.333858
0.347971
0.362507
0.377465
0.392844
0.408647
0.424871
0.441517
0.458585
0.476076
0.493988
0.512323
0.53108
0.550259
0.56986
0.589883
0.608333
0.625
0.641667
0.658333
0.675
0.691667
0.708333
0.725
0.741667
0.758333
0.775
0.791667
0.808333
0.825
0.841667
0.858333
0.875
0.891667
0.908333
0.925
0.941667
0.958333
0.975
0.991667
1.00833
1.025
1.04167
1.05833
1.075
1.09167
1.10833
1.125
1.14167
1.15833
1.175
1.19167
1.20833
1.225
1.24167
1.25833
1.275
1.29167
1.30833
1.325
1.34167
1.35833
1.375
1.39167
1.40833
1.425
1.44167
1.45833
1.475
1.49167
1.50833
1.525
1.54167
1.55833
1.575
1.59167
1.60833
1.625
1.64167
1.65833
1.675
1.69167
1.70833
1.725
1.74167
1.75833
1.775
1.79167
1.80833
1.825
1.84167
1.85833
1.875
1.89167
1.90833
1.925
1.94167
1.95833
1.975
1.99167
