-4.47626
-3.40358
-2.25679
-1.04102
0.211503
1.49345
2.79618
4.13315
5.49024
6.8506
8.19503
9.50156
10.7624
11.9447
13.012
13.9249
14.6414
15.1188
15.314
15.1832
14.6786
13.7591
12.3795
10.5121
8.14924
5.30834
2.01389
-1.67852
-5.619
-9.5383
-13.1822
-16.3831
-18.9924
-20.8869
-21.9736
-22.1952
-21.5312
-19.9995
-17.6555
-14.5894
-10.9228
-6.80283
-2.39605
2.11893
6.55927
10.7459
14.5112
17.7067
20.2091
21.926
22.7998
22.8103
21.9755
20.3507
18.0265
15.1244
11.7917
8.19495
4.5128
1.01508
-2.0666
-4.66342
-6.72788
-8.25035
-9.25671
-9.77824
-9.86154
-9.55893
-8.92269
-8.00865
-6.87208
-5.56798
-4.12789
-2.59226
-0.998157
0.645539
2.3135
3.95717
5.58091
7.16816
8.70494
10.2101
11.6444
13.0003
14.3028
15
