4.99583
4.98729
4.97812
4.96833
4.95812
4.94749
4.93644
4.92478
4.91248
4.89956
4.88602
4.87185
4.85684
4.84101
4.82434
4.80683
4.7885
4.76933
4.74932
4.72828
4.70619
4.68306
4.65868
4.63305
4.60617
4.57804
4.54845
4.51719
4.48448
4.45113
4.41779
4.38445
4.35111
4.31777
4.28443
4.25109
4.21775
4.18441
4.15107
4.11773
4.08439
4.05105
4.01771
3.98437
3.95103
3.91769
3.88435
3.85101
3.81767
3.78432
3.75098
3.71764
3.6843
3.65096
3.61762
3.58428
3.55094
3.5176
3.48426
3.45175
3.42092
3.39154
3.36362
3.33715
3.31194
3.28797
3.26526
3.24359
3.22296
3.20338
3.18483
3.16732
3.15065
3.13481
3.11981
3.10544
3.09169
3.07876
3.06647
3.0548
3.04376
3.03313
3.02312
3.01375
3.00479
3
