1	0.0176806
2	0.0109691
3	0.00841509
4	0.00703077
5	0.00613898
6	0.00550295
7	0.00501824
8	0.00463461
9	0.00431987
10	0.00405619
11	0.00383105
12	0.00363488
13	0.00346263
14	0.00330927
15	0.00317101
16	0.00304589
17	0.00293171
18	0.0028269
19	0.00273029
20	0.00264115
21	0.00255831
22	0.00248078
23	0.00240827
24	0.0023402
25	0.00227632
26	0.00221606
27	0.00215905
28	0.00210484
29	0.00205316
30	0.00200416
31	0.00195752
32	0.001913
33	0.00187051
34	0.00182985
35	0.00179089
36	0.00175357
37	0.00171795
38	0.00168378
39	0.00165096
40	0.00161943
41	0.00158909
42	0.00155988
43	0.00153173
44	0.00150459
45	0.00147844
46	0.00145311
47	0.00142865
48	0.00140502
49	0.00138216
50	0.00136003
51	0.0013386
52	0.00131783
53	0.0012977
54	0.0012782
55	0.00125929
56	0.00124094
57	0.00122311
58	0.00120578
59	0.00118895
60	0.00117258
61	0.00115665
62	0.00114115
63	0.00112606
64	0.00111136
65	0.00109703
66	0.00108305
67	0.00106944
68	0.00105615
69	0.00104318
70	0.00103051
71	0.00101814
72	0.00100604
73	0.000994206
74	0.000982645
75	0.000971335
76	0.000960272
77	0.000949453
78	0.000938859
79	0.00092849
80	0.00091833
81	0.000908379
82	0.000898626
83	0.00088906
84	0.000879691
85	0.000870502
86	0.000861483
87	0.00085264
88	0.000843965
89	0.000835456
90	0.000827097
91	0.000818889
92	0.000810826
93	0.000802909
94	0.000795127
95	0.000787487
96	0.000779984
97	0.000772613
98	0.000765371
99	0.00075825
100	0.000751251
101	0.000744373
102	0.000737611
103	0.000730959
104	0.000724413
105	0.000717975
106	0.000711644
107	0.000705417
108	0.00069929
109	0.000693264
110	0.000687337
111	0.000681502
112	0.000675764
113	0.000670115
114	0.00066455
115	0.000659072
116	0.000653675
117	0.00064836
118	0.000643124
119	0.000637967
120	0.000632887
121	0.000627881
122	0.000622947
123	0.000618084
124	0.000613289
125	0.00060856
126	0.000603897
127	0.000599299
128	0.000594766
129	0.000590294
130	0.000585882
131	0.000581529
132	0.000577236
133	0.000573005
134	0.000568832
135	0.000564717
136	0.000560663
137	0.000556663
138	0.000552714
139	0.000548816
140	0.000544969
141	0.000541172
142	0.000537422
143	0.000533719
144	0.000530061
145	0.000526451
146	0.000522887
147	0.000519367
148	0.00051589
149	0.000512456
150	0.000509067
151	0.000505718
152	0.000502409
153	0.000499138
154	0.000495907
155	0.000492713
156	0.000489559
157	0.000486444
158	0.000483367
159	0.000480326
160	0.00047732
161	0.000474348
162	0.00047141
163	0.000468504
164	0.000465631
165	0.000462794
166	0.00045999
167	0.000457223
168	0.000454484
169	0.000451774
170	0.000449092
171	0.000446439
172	0.000443815
173	0.000441218
174	0.000438649
175	0.000436108
176	0.000433594
177	0.000431106
178	0.000428643
179	0.000426205
180	0.000423792
181	0.000421405
182	0.000419043
183	0.000416705
184	0.00041439
185	0.000412099
186	0.000409831
187	0.000407585
188	0.000405362
189	0.00040316
190	0.000400982
191	0.000398825
192	0.00039669
193	0.000394575
194	0.00039248
195	0.000390405
196	0.000388351
197	0.000386316
198	0.000384301
199	0.000382305
200	0.000380327
201	0.000378368
202	0.000376427
203	0.000374505
204	0.000372601
205	0.000370715
206	0.000368847
207	0.000366995
208	0.000365161
209	0.000363347
210	0.000361549
211	0.000359768
212	0.000358001
213	0.00035625
214	0.000354515
215	0.000352794
216	0.000351088
217	0.000349397
218	0.00034772
219	0.000346058
220	0.000344409
221	0.000342775
222	0.000341155
223	0.000339549
224	0.000337956
225	0.000336376
226	0.000334809
227	0.000333256
228	0.000331714
229	0.000330185
230	0.000328667
231	0.000327161
232	0.000325667
233	0.000324185
234	0.000322714
235	0.000321255
236	0.000319807
237	0.000318371
238	0.000316946
239	0.000315531
240	0.000314127
241	0.000312734
242	0.000311352
243	0.00030998
244	0.000308618
245	0.000307267
246	0.000305926
247	0.000304595
248	0.000303274
249	0.000301962
250	0.00030066
251	0.000299368
252	0.000298085
253	0.00029681
254	0.000295546
255	0.00029429
256	0.000293043
257	0.000291805
258	0.000290576
259	0.000289356
260	0.000288144
261	0.00028694
262	0.000285745
263	0.000284558
264	0.00028338
265	0.000282209
266	0.000281046
267	0.000279891
268	0.000278745
269	0.000277606
270	0.000276475
271	0.000275353
272	0.000274239
273	0.000273131
274	0.000272031
275	0.000270938
276	0.000269852
277	0.000268773
278	0.0002677
279	0.000266635
280	0.000265577
281	0.000264525
282	0.000263479
283	0.00026244
284	0.000261408
285	0.000260382
286	0.000259362
287	0.000258348
288	0.000257341
289	0.000256339
290	0.000255343
291	0.000254354
292	0.00025337
293	0.000252392
294	0.00025142
295	0.000250453
296	0.000249492
297	0.000248537
298	0.000247588
299	0.000246644
300	0.000245705
301	0.000244772
302	0.000243843
303	0.000242921
304	0.000242003
305	0.000241091
306	0.000240184
307	0.000239283
308	0.000238386
309	0.000237494
310	0.000236607
311	0.000235725
312	0.000234848
313	0.000233977
314	0.00023311
315	0.000232248
316	0.000231391
317	0.000230539
318	0.000229691
319	0.000228849
320	0.000228011
321	0.000227177
322	0.000226348
323	0.000225523
324	0.000224703
325	0.000223888
326	0.000223077
327	0.00022227
328	0.000221468
329	0.000220671
330	0.000219877
331	0.000219088
332	0.000218304
333	0.000217523
334	0.000216747
335	0.000215975
336	0.000215207
337	0.000214443
338	0.000213683
339	0.000212927
340	0.000212176
341	0.000211428
342	0.000210685
343	0.000209945
344	0.000209209
345	0.000208478
346	0.00020775
347	0.000207026
348	0.000206306
349	0.000205589
350	0.000204876
351	0.000204167
352	0.000203462
353	0.000202761
354	0.000202063
355	0.000201368
356	0.000200678
357	0.000199991
358	0.000199307
359	0.000198627
360	0.000197951
361	0.000197278
362	0.000196609
363	0.000195944
364	0.000195281
365	0.000194622
366	0.000193967
367	0.000193315
368	0.000192666
369	0.00019202
370	0.000191378
371	0.00019074
372	0.000190104
373	0.000189472
374	0.000188843
375	0.000188217
376	0.000187594
377	0.000186975
378	0.000186359
379	0.000185746
380	0.000185136
381	0.000184529
382	0.000183925
383	0.000183324
384	0.000182726
385	0.000182132
386	0.000181541
387	0.000180953
388	0.000180368
389	0.000179786
390	0.000179206
391	0.00017863
392	0.000178056
393	0.000177486
394	0.000176918
395	0.000176352
396	0.00017579
397	0.00017523
398	0.000174673
399	0.000174119
400	0.000173568
401	0.000173019
402	0.000172472
403	0.000171929
404	0.000171388
405	0.00017085
406	0.000170314
407	0.000169781
408	0.00016925
409	0.000168722
410	0.000168197
411	0.000167674
412	0.000167154
413	0.000166636
414	0.00016612
415	0.000165607
416	0.000165097
417	0.000164589
418	0.000164083
419	0.00016358
420	0.000163079
421	0.000162581
422	0.000162085
423	0.000161591
424	0.0001611
425	0.000160611
426	0.000160124
427	0.00015964
428	0.000159158
429	0.000158678
430	0.000158201
431	0.000157725
432	0.000157252
433	0.000156781
434	0.000156312
435	0.000155846
436	0.000155381
437	0.000154919
438	0.000154459
439	0.000154001
440	0.000153545
441	0.000153092
442	0.00015264
443	0.00015219
444	0.000151743
445	0.000151297
446	0.000150854
447	0.000150413
448	0.000149973
449	0.000149536
450	0.000149101
451	0.000148668
452	0.000148236
453	0.000147807
454	0.00014738
455	0.000146955
456	0.000146532
457	0.00014611
458	0.000145691
459	0.000145273
460	0.000144858
461	0.000144444
462	0.000144032
463	0.000143622
464	0.000143214
465	0.000142808
466	0.000142404
467	0.000142001
468	0.0001416
469	0.000141201
470	0.000140804
471	0.000140409
472	0.000140015
473	0.000139623
474	0.000139233
475	0.000138845
476	0.000138458
477	0.000138074
478	0.000137691
479	0.000137309
480	0.00013693
481	0.000136552
482	0.000136175
483	0.000135801
484	0.000135428
485	0.000135056
486	0.000134687
487	0.000134319
488	0.000133952
489	0.000133587
490	0.000133224
491	0.000132863
492	0.000132503
493	0.000132144
494	0.000131788
495	0.000131432
496	0.000131079
497	0.000130727
498	0.000130376
499	0.000130027
500	0.00012968
501	0.000129334
502	0.000128989
503	0.000128647
504	0.000128305
505	0.000127965
506	0.000127627
507	0.00012729
508	0.000126954
509	0.00012662
510	0.000126288
511	0.000125956
512	0.000125627
513	0.000125298
514	0.000124971
515	0.000124646
516	0.000124322
517	0.000123999
518	0.000123678
519	0.000123358
520	0.000123039
521	0.000122722
522	0.000122406
523	0.000122092
524	0.000121779
525	0.000121467
526	0.000121156
527	0.000120847
528	0.00012054
529	0.000120233
530	0.000119929
531	0.000119625
532	0.000119323
533	0.000119022
534	0.000118722
535	0.000118424
536	0.000118127
537	0.000117831
538	0.000117537
539	0.000117244
540	0.000116952
541	0.000116661
542	0.000116371
543	0.000116083
544	0.000115796
545	0.00011551
546	0.000115226
547	0.000114942
548	0.00011466
549	0.000114379
550	0.0001141
551	0.000113821
552	0.000113544
553	0.000113268
554	0.000112993
555	0.000112719
556	0.000112446
557	0.000112174
558	0.000111904
559	0.000111634
560	0.000111366
561	0.000111099
562	0.000110833
563	0.000110569
564	0.000110305
565	0.000110042
566	0.000109781
567	0.00010952
568	0.000109261
569	0.000109002
570	0.000108745
571	0.000108489
572	0.000108234
573	0.00010798
574	0.000107727
575	0.000107476
576	0.000107225
577	0.000106975
578	0.000106726
579	0.000106479
580	0.000106232
581	0.000105986
582	0.000105742
583	0.000105498
584	0.000105256
585	0.000105014
586	0.000104774
587	0.000104535
588	0.000104296
589	0.000104059
590	0.000103822
591	0.000103587
592	0.000103352
593	0.000103118
594	0.000102885
595	0.000102654
596	0.000102423
597	0.000102193
598	0.000101964
599	0.000101736
600	0.000101509
601	0.000101282
602	0.000101057
603	0.000100832
604	0.000100609
605	0.000100386
606	0.000100164
607	9.99434e-05
608	9.97235e-05
609	9.95045e-05
610	9.92864e-05
611	9.90692e-05
612	9.88528e-05
613	9.86374e-05
614	9.84228e-05
615	9.82091e-05
616	9.79962e-05
617	9.77844e-05
618	9.75734e-05
619	9.73631e-05
620	9.71537e-05
621	9.69451e-05
622	9.67374e-05
623	9.65305e-05
624	9.63244e-05
625	9.61191e-05
626	9.59145e-05
627	9.57109e-05
628	9.55081e-05
629	9.53061e-05
630	9.51048e-05
631	9.49044e-05
632	9.47048e-05
633	9.45058e-05
634	9.43077e-05
635	9.41104e-05
636	9.39138e-05
637	9.3718e-05
638	9.3523e-05
639	9.33286e-05
640	9.31352e-05
641	9.29424e-05
642	9.27504e-05
643	9.25592e-05
644	9.23686e-05
645	9.21787e-05
646	9.19896e-05
647	9.18012e-05
648	9.16136e-05
649	9.14267e-05
650	9.12406e-05
651	9.10551e-05
652	9.08703e-05
653	9.06862e-05
654	9.05028e-05
655	9.032e-05
656	9.0138e-05
657	8.99567e-05
658	8.97761e-05
659	8.95964e-05
660	8.94174e-05
661	8.92391e-05
662	8.90615e-05
663	8.88846e-05
664	8.87083e-05
665	8.85328e-05
666	8.8358e-05
667	8.8184e-05
668	8.80106e-05
669	8.78377e-05
670	8.76657e-05
671	8.74943e-05
672	8.73235e-05
673	8.71533e-05
674	8.69838e-05
675	8.68151e-05
676	8.6647e-05
677	8.64795e-05
678	8.63126e-05
679	8.61464e-05
680	8.59808e-05
681	8.58157e-05
682	8.56514e-05
683	8.54876e-05
684	8.53245e-05
685	8.51619e-05
686	8.50001e-05
687	8.48388e-05
688	8.46782e-05
689	8.45181e-05
690	8.43586e-05
691	8.41996e-05
692	8.40413e-05
693	8.38835e-05
694	8.37264e-05
695	8.357e-05
696	8.34141e-05
697	8.32589e-05
698	8.31042e-05
699	8.29503e-05
700	8.2797e-05
701	8.26443e-05
702	8.24923e-05
703	8.23407e-05
704	8.21899e-05
705	8.20397e-05
706	8.189e-05
707	8.17409e-05
708	8.15923e-05
709	8.14444e-05
710	8.12972e-05
711	8.11504e-05
712	8.10042e-05
713	8.08588e-05
714	8.07141e-05
715	8.05698e-05
716	8.04261e-05
717	8.02829e-05
718	8.01402e-05
719	7.99981e-05
720	7.98565e-05
721	7.97154e-05
722	7.95747e-05
723	7.94344e-05
724	7.92948e-05
725	7.91557e-05
726	7.90171e-05
727	7.8879e-05
728	7.87414e-05
729	7.86045e-05
730	7.8468e-05
731	7.83321e-05
732	7.81967e-05
733	7.80619e-05
734	7.79275e-05
735	7.77937e-05
736	7.76603e-05
737	7.75274e-05
738	7.7395e-05
739	7.7263e-05
740	7.71316e-05
741	7.70006e-05
742	7.68702e-05
743	7.67402e-05
744	7.66106e-05
745	7.64815e-05
746	7.63527e-05
747	7.62245e-05
748	7.60968e-05
749	7.59695e-05
750	7.58427e-05
751	7.57164e-05
752	7.55904e-05
753	7.54649e-05
754	7.53399e-05
755	7.52155e-05
756	7.50914e-05
757	7.4968e-05
758	7.4845e-05
759	7.47224e-05
760	7.46004e-05
761	7.44788e-05
762	7.43576e-05
763	7.42369e-05
764	7.41166e-05
765	7.39967e-05
766	7.38771e-05
767	7.37581e-05
768	7.36395e-05
769	7.35214e-05
770	7.34037e-05
771	7.32864e-05
772	7.31694e-05
773	7.30529e-05
774	7.29368e-05
775	7.28212e-05
776	7.2706e-05
777	7.25912e-05
778	7.24769e-05
779	7.2363e-05
780	7.22497e-05
781	7.21369e-05
782	7.20245e-05
783	7.19126e-05
784	7.1801e-05
785	7.16897e-05
786	7.1579e-05
787	7.14688e-05
788	7.13589e-05
789	7.12496e-05
790	7.11409e-05
791	7.10325e-05
792	7.09244e-05
793	7.08167e-05
794	7.07095e-05
795	7.06026e-05
796	7.0496e-05
797	7.03899e-05
798	7.02843e-05
799	7.0179e-05
800	7.0074e-05
801	6.99695e-05
802	6.98653e-05
803	6.97616e-05
804	6.96582e-05
805	6.95552e-05
806	6.94525e-05
807	6.93502e-05
808	6.92483e-05
809	6.91466e-05
810	6.90453e-05
811	6.89443e-05
812	6.88437e-05
813	6.87434e-05
814	6.86436e-05
815	6.85442e-05
816	6.84451e-05
817	6.83465e-05
818	6.82482e-05
819	6.81502e-05
820	6.80525e-05
821	6.79552e-05
822	6.78582e-05
823	6.77616e-05
824	6.76654e-05
825	6.75695e-05
826	6.74738e-05
827	6.73786e-05
828	6.72837e-05
829	6.71891e-05
830	6.7095e-05
831	6.70011e-05
832	6.69077e-05
833	6.68146e-05
834	6.67218e-05
835	6.66294e-05
836	6.65373e-05
837	6.64456e-05
838	6.63542e-05
839	6.62631e-05
840	6.61724e-05
841	6.60821e-05
842	6.5992e-05
843	6.59023e-05
844	6.58131e-05
845	6.57242e-05
846	6.56359e-05
847	6.55479e-05
848	6.54603e-05
849	6.53729e-05
850	6.52859e-05
851	6.51992e-05
852	6.51128e-05
853	6.50267e-05
854	6.49409e-05
855	6.48553e-05
856	6.477e-05
857	6.46851e-05
858	6.46004e-05
859	6.4516e-05
860	6.44321e-05
861	6.43484e-05
862	6.42651e-05
863	6.41821e-05
864	6.40992e-05
865	6.40167e-05
866	6.39343e-05
867	6.38523e-05
868	6.37707e-05
869	6.36895e-05
870	6.36085e-05
871	6.35276e-05
872	6.34472e-05
873	6.3367e-05
874	6.32871e-05
875	6.32076e-05
876	6.31284e-05
877	6.30494e-05
878	6.29706e-05
879	6.28922e-05
880	6.28141e-05
881	6.27362e-05
882	6.26587e-05
883	6.25815e-05
884	6.25045e-05
885	6.24278e-05
886	6.23514e-05
887	6.22755e-05
888	6.21998e-05
889	6.21244e-05
890	6.20493e-05
891	6.19745e-05
892	6.19002e-05
893	6.18262e-05
894	6.17524e-05
895	6.16789e-05
896	6.16057e-05
897	6.15327e-05
898	6.146e-05
899	6.13876e-05
900	6.13155e-05
901	6.12436e-05
902	6.11719e-05
903	6.11005e-05
904	6.10293e-05
905	6.09584e-05
906	6.08878e-05
907	6.08175e-05
908	6.07474e-05
909	6.06775e-05
910	6.06078e-05
911	6.05384e-05
912	6.04694e-05
913	6.04006e-05
914	6.0332e-05
915	6.02637e-05
916	6.01956e-05
917	6.01279e-05
918	6.00603e-05
919	5.9993e-05
920	5.9926e-05
921	5.98592e-05
922	5.97927e-05
923	5.97264e-05
924	5.96604e-05
925	5.95947e-05
926	5.95293e-05
927	5.9464e-05
928	5.93992e-05
929	5.93346e-05
930	5.92704e-05
931	5.92066e-05
932	5.91429e-05
933	5.90795e-05
934	5.90163e-05
935	5.89533e-05
936	5.88906e-05
937	5.88281e-05
938	5.87659e-05
939	5.87039e-05
940	5.86421e-05
941	5.85805e-05
942	5.85192e-05
943	5.84582e-05
944	5.83973e-05
945	5.83367e-05
946	5.82763e-05
947	5.82162e-05
948	5.81563e-05
949	5.80965e-05
950	5.8037e-05
951	5.79777e-05
952	5.79187e-05
953	5.78598e-05
954	5.78011e-05
955	5.77427e-05
956	5.76845e-05
957	5.76264e-05
958	5.75687e-05
959	5.7511e-05
960	5.74536e-05
961	5.73964e-05
962	5.73394e-05
963	5.72827e-05
964	5.72262e-05
965	5.71699e-05
966	5.71136e-05
967	5.70577e-05
968	5.70019e-05
969	5.69463e-05
970	5.68909e-05
971	5.68355e-05
972	5.67803e-05
973	5.67253e-05
974	5.66703e-05
975	5.66156e-05
976	5.65609e-05
977	5.65065e-05
978	5.64521e-05
979	5.63979e-05
980	5.63439e-05
981	5.62901e-05
982	5.62364e-05
983	5.61828e-05
984	5.61294e-05
985	5.60761e-05
986	5.60229e-05
987	5.597e-05
988	5.59171e-05
989	5.58644e-05
990	5.58119e-05
991	5.57596e-05
992	5.57075e-05
993	5.56555e-05
994	5.56037e-05
995	5.5552e-05
996	5.55004e-05
997	5.54489e-05
998	5.53976e-05
999	5.53464e-05
1000	5.52953e-05
1001	5.52443e-05
1002	5.51934e-05
1003	5.51426e-05
1004	5.50919e-05
1005	5.50413e-05
1006	5.49908e-05
1007	5.49405e-05
1008	5.48904e-05
1009	5.48404e-05
1010	5.47904e-05
1011	5.47406e-05
1012	5.46908e-05
1013	5.46412e-05
1014	5.45917e-05
1015	5.45424e-05
1016	5.44933e-05
1017	5.44443e-05
1018	5.43954e-05
1019	5.43467e-05
1020	5.4298e-05
1021	5.42495e-05
1022	5.4201e-05
1023	5.41526e-05
1024	5.41043e-05
1025	5.40562e-05
1026	5.40081e-05
1027	5.396e-05
1028	5.39121e-05
1029	5.38643e-05
1030	5.38166e-05
1031	5.37689e-05
1032	5.37214e-05
1033	5.3674e-05
1034	5.36267e-05
1035	5.35796e-05
1036	5.35325e-05
1037	5.34855e-05
1038	5.34388e-05
1039	5.33921e-05
1040	5.33455e-05
1041	5.3299e-05
1042	5.32525e-05
1043	5.32062e-05
1044	5.316e-05
1045	5.31139e-05
1046	5.30678e-05
1047	5.30217e-05
1048	5.29758e-05
1049	5.293e-05
1050	5.28842e-05
1051	5.28386e-05
1052	5.2793e-05
1053	5.27474e-05
1054	5.2702e-05
1055	5.26567e-05
1056	5.26115e-05
1057	5.25666e-05
1058	5.25216e-05
1059	5.24768e-05
1060	5.2432e-05
1061	5.23872e-05
1062	5.23426e-05
1063	5.2298e-05
1064	5.22535e-05
1065	5.22091e-05
1066	5.21648e-05
1067	5.21205e-05
1068	5.20763e-05
1069	5.20321e-05
1070	5.19881e-05
1071	5.19441e-05
1072	5.19002e-05
1073	5.18564e-05
1074	5.18128e-05
1075	5.17692e-05
1076	5.17258e-05
1077	5.16824e-05
1078	5.1639e-05
1079	5.15957e-05
1080	5.15525e-05
1081	5.15093e-05
1082	5.14662e-05
1083	5.14231e-05
1084	5.13802e-05
1085	5.13373e-05
1086	5.12945e-05
1087	5.12518e-05
1088	5.12091e-05
1089	5.11666e-05
1090	5.11241e-05
1091	5.10817e-05
1092	5.10394e-05
1093	5.09971e-05
1094	5.09549e-05
1095	5.09128e-05
1096	5.08707e-05
1097	5.08287e-05
1098	5.07868e-05
1099	5.07448e-05
1100	5.0703e-05
1101	5.06612e-05
1102	5.06196e-05
1103	5.0578e-05
1104	5.05366e-05
1105	5.04951e-05
1106	5.04538e-05
1107	5.04124e-05
1108	5.03712e-05
1109	5.03299e-05
1110	5.02888e-05
1111	5.02477e-05
1112	5.02067e-05
1113	5.01657e-05
1114	5.01249e-05
1115	5.00841e-05
1116	5.00433e-05
1117	5.00027e-05
1118	4.99621e-05
1119	4.99215e-05
1120	4.9881e-05
1121	4.98406e-05
1122	4.98002e-05
1123	4.97598e-05
1124	4.97195e-05
1125	4.96793e-05
1126	4.96392e-05
1127	4.95992e-05
1128	4.95592e-05
1129	4.95192e-05
1130	4.94793e-05
1131	4.94394e-05
1132	4.93996e-05
1133	4.93599e-05
1134	4.93202e-05
1135	4.92806e-05
1136	4.92411e-05
1137	4.92016e-05
1138	4.91621e-05
1139	4.91227e-05
1140	4.90834e-05
1141	4.9044e-05
1142	4.90048e-05
1143	4.89656e-05
1144	4.89265e-05
1145	4.88874e-05
1146	4.88484e-05
1147	4.88094e-05
1148	4.87705e-05
1149	4.87316e-05
1150	4.86927e-05
1151	4.8654e-05
1152	4.86153e-05
1153	4.85766e-05
1154	4.8538e-05
1155	4.84994e-05
1156	4.84608e-05
1157	4.84223e-05
1158	4.83839e-05
1159	4.83455e-05
1160	4.83071e-05
1161	4.82688e-05
1162	4.82305e-05
1163	4.81923e-05
1164	4.81542e-05
1165	4.8116e-05
1166	4.80779e-05
1167	4.80399e-05
1168	4.80019e-05
1169	4.79639e-05
1170	4.7926e-05
1171	4.78881e-05
1172	4.78502e-05
1173	4.78124e-05
1174	4.77747e-05
1175	4.77369e-05
1176	4.76992e-05
1177	4.76615e-05
1178	4.76239e-05
1179	4.75863e-05
1180	4.75487e-05
1181	4.75112e-05
1182	4.74737e-05
1183	4.74362e-05
1184	4.73988e-05
1185	4.73614e-05
1186	4.7324e-05
1187	4.72866e-05
1188	4.72493e-05
1189	4.72119e-05
1190	4.71746e-05
1191	4.71374e-05
1192	4.71001e-05
1193	4.70629e-05
1194	4.70256e-05
1195	4.69884e-05
1196	4.69513e-05
1197	4.69141e-05
1198	4.6877e-05
1199	4.68398e-05
1200	4.68027e-05
1201	4.67657e-05
1202	4.67286e-05
1203	4.66916e-05
1204	4.66546e-05
1205	4.66176e-05
1206	4.65806e-05
1207	4.65436e-05
1208	4.65067e-05
1209	4.64698e-05
1210	4.64329e-05
1211	4.6396e-05
1212	4.63592e-05
1213	4.63224e-05
1214	4.62856e-05
1215	4.62488e-05
1216	4.6212e-05
1217	4.61753e-05
1218	4.61385e-05
1219	4.61018e-05
1220	4.60652e-05
1221	4.60285e-05
1222	4.59919e-05
1223	4.59553e-05
1224	4.59187e-05
1225	4.58821e-05
1226	4.58455e-05
1227	4.5809e-05
1228	4.57725e-05
1229	4.5736e-05
1230	4.56996e-05
1231	4.56631e-05
1232	4.56267e-05
1233	4.55903e-05
1234	4.55539e-05
1235	4.55176e-05
1236	4.54812e-05
1237	4.54449e-05
1238	4.54086e-05
1239	4.53723e-05
1240	4.53361e-05
1241	4.52999e-05
1242	4.52637e-05
1243	4.52275e-05
1244	4.51913e-05
1245	4.51552e-05
1246	4.51191e-05
1247	4.5083e-05
1248	4.50469e-05
1249	4.50108e-05
1250	4.49748e-05
1251	4.49388e-05
1252	4.49028e-05
1253	4.48669e-05
1254	4.48309e-05
1255	4.4795e-05
1256	4.47591e-05
1257	4.47232e-05
1258	4.46874e-05
1259	4.46515e-05
1260	4.46157e-05
1261	4.45799e-05
1262	4.45442e-05
1263	4.45084e-05
1264	4.44727e-05
1265	4.4437e-05
1266	4.44013e-05
1267	4.43657e-05
1268	4.43301e-05
1269	4.42944e-05
1270	4.42589e-05
1271	4.42233e-05
1272	4.41878e-05
1273	4.41522e-05
1274	4.41167e-05
1275	4.40813e-05
1276	4.40458e-05
1277	4.40104e-05
1278	4.3975e-05
1279	4.39396e-05
1280	4.39042e-05
1281	4.38689e-05
1282	4.38336e-05
1283	4.37983e-05
1284	4.3763e-05
1285	4.37277e-05
1286	4.36925e-05
1287	4.36573e-05
1288	4.36221e-05
1289	4.3587e-05
1290	4.35518e-05
1291	4.35167e-05
1292	4.34816e-05
1293	4.34466e-05
1294	4.34115e-05
1295	4.33765e-05
1296	4.33415e-05
1297	4.33065e-05
1298	4.32715e-05
1299	4.32366e-05
1300	4.32017e-05
1301	4.31668e-05
1302	4.3132e-05
1303	4.30971e-05
1304	4.30623e-05
1305	4.30275e-05
1306	4.29927e-05
1307	4.2958e-05
1308	4.29232e-05
1309	4.28885e-05
1310	4.28539e-05
1311	4.28192e-05
1312	4.27846e-05
1313	4.27499e-05
1314	4.27154e-05
1315	4.26808e-05
1316	4.26462e-05
1317	4.26117e-05
1318	4.25772e-05
1319	4.25427e-05
1320	4.25083e-05
1321	4.24739e-05
1322	4.24395e-05
1323	4.24051e-05
1324	4.23707e-05
1325	4.23364e-05
1326	4.23021e-05
1327	4.22678e-05
1328	4.22335e-05
1329	4.21992e-05
1330	4.2165e-05
1331	4.21308e-05
1332	4.20966e-05
1333	4.20625e-05
1334	4.20284e-05
1335	4.19942e-05
1336	4.19602e-05
1337	4.19261e-05
1338	4.18921e-05
1339	4.1858e-05
1340	4.18241e-05
1341	4.17901e-05
1342	4.17561e-05
1343	4.17222e-05
1344	4.16883e-05
1345	4.16544e-05
1346	4.16206e-05
1347	4.15868e-05
1348	4.15529e-05
1349	4.15192e-05
1350	4.14854e-05
1351	4.14517e-05
1352	4.14179e-05
1353	4.13843e-05
1354	4.13506e-05
1355	4.13169e-05
1356	4.12833e-05
1357	4.12497e-05
1358	4.12161e-05
1359	4.11826e-05
1360	4.11491e-05
1361	4.11156e-05
1362	4.10821e-05
1363	4.10486e-05
1364	4.10152e-05
1365	4.09818e-05
1366	4.09484e-05
1367	4.0915e-05
1368	4.08817e-05
1369	4.08483e-05
1370	4.0815e-05
1371	4.07818e-05
1372	4.07485e-05
1373	4.07153e-05
1374	4.06821e-05
1375	4.06489e-05
1376	4.06157e-05
1377	4.05826e-05
1378	4.05495e-05
1379	4.05164e-05
1380	4.04833e-05
1381	4.04503e-05
1382	4.04173e-05
1383	4.03843e-05
1384	4.03513e-05
1385	4.03184e-05
1386	4.02854e-05
1387	4.02525e-05
1388	4.02197e-05
1389	4.01868e-05
1390	4.0154e-05
1391	4.01212e-05
1392	4.00884e-05
1393	4.00556e-05
1394	4.00229e-05
1395	3.99902e-05
1396	3.99575e-05
1397	3.99248e-05
1398	3.98921e-05
1399	3.98595e-05
1400	3.98269e-05
1401	3.97943e-05
1402	3.97618e-05
1403	3.97293e-05
1404	3.96968e-05
1405	3.96643e-05
1406	3.96318e-05
1407	3.95994e-05
1408	3.9567e-05
1409	3.95346e-05
1410	3.95022e-05
1411	3.94699e-05
1412	3.94375e-05
1413	3.94052e-05
1414	3.9373e-05
1415	3.93407e-05
1416	3.93085e-05
1417	3.92763e-05
1418	3.92441e-05
1419	3.92119e-05
1420	3.91798e-05
1421	3.91477e-05
1422	3.91156e-05
1423	3.90835e-05
1424	3.90515e-05
1425	3.90195e-05
1426	3.89875e-05
1427	3.89555e-05
1428	3.89235e-05
1429	3.88916e-05
1430	3.88597e-05
1431	3.88278e-05
1432	3.8796e-05
1433	3.87641e-05
1434	3.87323e-05
1435	3.87006e-05
1436	3.86688e-05
1437	3.8637e-05
1438	3.86053e-05
1439	3.85736e-05
1440	3.8542e-05
1441	3.85103e-05
1442	3.84787e-05
1443	3.84471e-05
1444	3.84155e-05
1445	3.8384e-05
1446	3.83524e-05
1447	3.83209e-05
1448	3.82894e-05
1449	3.8258e-05
1450	3.82265e-05
1451	3.81951e-05
1452	3.81637e-05
1453	3.81323e-05
1454	3.8101e-05
1455	3.80697e-05
1456	3.80384e-05
1457	3.80071e-05
1458	3.79758e-05
1459	3.79446e-05
1460	3.79134e-05
1461	3.78822e-05
1462	3.7851e-05
1463	3.78199e-05
1464	3.77888e-05
1465	3.77577e-05
1466	3.77266e-05
1467	3.76956e-05
1468	3.76646e-05
1469	3.76336e-05
1470	3.76026e-05
1471	3.75716e-05
1472	3.75407e-05
1473	3.75098e-05
1474	3.74789e-05
1475	3.7448e-05
1476	3.74172e-05
1477	3.73864e-05
1478	3.73556e-05
1479	3.73248e-05
1480	3.72941e-05
1481	3.72633e-05
1482	3.72326e-05
1483	3.7202e-05
1484	3.71713e-05
1485	3.71407e-05
1486	3.71101e-05
1487	3.70795e-05
1488	3.70489e-05
1489	3.70184e-05
1490	3.69879e-05
1491	3.69574e-05
1492	3.69269e-05
1493	3.68964e-05
1494	3.6866e-05
1495	3.68356e-05
1496	3.68052e-05
1497	3.67749e-05
1498	3.67445e-05
1499	3.67142e-05
1500	3.66839e-05
1501	3.66537e-05
1502	3.66234e-05
1503	3.65932e-05
1504	3.6563e-05
1505	3.65328e-05
1506	3.65027e-05
1507	3.64725e-05
1508	3.64424e-05
1509	3.64124e-05
1510	3.63823e-05
1511	3.63523e-05
1512	3.63222e-05
1513	3.62923e-05
1514	3.62623e-05
1515	3.62323e-05
1516	3.62024e-05
1517	3.61725e-05
1518	3.61426e-05
1519	3.61128e-05
1520	3.60829e-05
1521	3.60531e-05
1522	3.60233e-05
1523	3.59936e-05
1524	3.59638e-05
1525	3.59341e-05
1526	3.59044e-05
1527	3.58747e-05
1528	3.58451e-05
1529	3.58155e-05
1530	3.57858e-05
1531	3.57563e-05
1532	3.57267e-05
1533	3.56972e-05
1534	3.56676e-05
1535	3.56382e-05
1536	3.56087e-05
1537	3.55792e-05
1538	3.55498e-05
1539	3.55204e-05
1540	3.5491e-05
1541	3.54617e-05
1542	3.54323e-05
1543	3.5403e-05
1544	3.53737e-05
1545	3.53445e-05
1546	3.53152e-05
1547	3.5286e-05
1548	3.52568e-05
1549	3.52276e-05
1550	3.51984e-05
1551	3.51693e-05
1552	3.51402e-05
1553	3.51111e-05
1554	3.5082e-05
1555	3.5053e-05
1556	3.5024e-05
1557	3.4995e-05
1558	3.4966e-05
1559	3.4937e-05
1560	3.49081e-05
1561	3.48792e-05
1562	3.48503e-05
1563	3.48215e-05
1564	3.47926e-05
1565	3.47638e-05
1566	3.4735e-05
1567	3.47062e-05
1568	3.46775e-05
1569	3.46487e-05
1570	3.462e-05
1571	3.45913e-05
1572	3.45627e-05
1573	3.4534e-05
1574	3.45054e-05
1575	3.44768e-05
1576	3.44482e-05
1577	3.44197e-05
1578	3.43912e-05
1579	3.43626e-05
1580	3.43342e-05
1581	3.43057e-05
1582	3.42772e-05
1583	3.42488e-05
1584	3.42204e-05
1585	3.41921e-05
1586	3.41637e-05
1587	3.41354e-05
1588	3.41071e-05
1589	3.40788e-05
1590	3.40505e-05
1591	3.40223e-05
1592	3.3994e-05
1593	3.39658e-05
1594	3.39377e-05
1595	3.39095e-05
1596	3.38814e-05
1597	3.38533e-05
1598	3.38252e-05
1599	3.37971e-05
1600	3.37691e-05
1601	3.3741e-05
1602	3.3713e-05
1603	3.3685e-05
1604	3.36571e-05
1605	3.36292e-05
1606	3.36012e-05
1607	3.35733e-05
1608	3.35455e-05
1609	3.35176e-05
1610	3.34898e-05
1611	3.3462e-05
1612	3.34342e-05
1613	3.34064e-05
1614	3.33787e-05
1615	3.3351e-05
1616	3.33233e-05
1617	3.32956e-05
1618	3.3268e-05
1619	3.32403e-05
1620	3.32127e-05
1621	3.31851e-05
1622	3.31576e-05
1623	3.313e-05
1624	3.31025e-05
1625	3.3075e-05
1626	3.30475e-05
1627	3.30201e-05
1628	3.29926e-05
1629	3.29652e-05
1630	3.29378e-05
1631	3.29105e-05
1632	3.28831e-05
1633	3.28558e-05
1634	3.28285e-05
1635	3.28012e-05
1636	3.27739e-05
1637	3.27467e-05
1638	3.27195e-05
1639	3.26923e-05
1640	3.26651e-05
1641	3.26379e-05
1642	3.26108e-05
1643	3.25837e-05
1644	3.25566e-05
1645	3.25295e-05
1646	3.25025e-05
1647	3.24755e-05
1648	3.24485e-05
1649	3.24215e-05
1650	3.23945e-05
1651	3.23676e-05
1652	3.23406e-05
1653	3.23137e-05
1654	3.22869e-05
1655	3.226e-05
1656	3.22332e-05
1657	3.22064e-05
1658	3.21796e-05
1659	3.21528e-05
1660	3.21261e-05
1661	3.20993e-05
1662	3.20726e-05
1663	3.20459e-05
1664	3.20193e-05
1665	3.19926e-05
1666	3.1966e-05
1667	3.19394e-05
1668	3.19128e-05
1669	3.18863e-05
1670	3.18597e-05
1671	3.18332e-05
1672	3.18067e-05
1673	3.17802e-05
1674	3.17538e-05
1675	3.17274e-05
1676	3.1701e-05
1677	3.16746e-05
1678	3.16482e-05
1679	3.16218e-05
1680	3.15955e-05
1681	3.15692e-05
1682	3.15429e-05
1683	3.15167e-05
1684	3.14904e-05
1685	3.14642e-05
1686	3.1438e-05
1687	3.14118e-05
1688	3.13857e-05
1689	3.13595e-05
1690	3.13334e-05
1691	3.13073e-05
1692	3.12812e-05
1693	3.12552e-05
1694	3.12292e-05
1695	3.12031e-05
1696	3.11772e-05
1697	3.11512e-05
1698	3.11252e-05
1699	3.10993e-05
1700	3.10734e-05
1701	3.10475e-05
1702	3.10216e-05
1703	3.09958e-05
1704	3.097e-05
1705	3.09442e-05
1706	3.09184e-05
1707	3.08926e-05
1708	3.08669e-05
1709	3.08412e-05
1710	3.08155e-05
1711	3.07898e-05
1712	3.07641e-05
1713	3.07385e-05
1714	3.07129e-05
1715	3.06873e-05
1716	3.06617e-05
1717	3.06361e-05
1718	3.06106e-05
1719	3.05851e-05
1720	3.05596e-05
1721	3.05341e-05
1722	3.05086e-05
1723	3.04832e-05
1724	3.04578e-05
1725	3.04324e-05
1726	3.0407e-05
1727	3.03817e-05
1728	3.03564e-05
1729	3.0331e-05
1730	3.03058e-05
1731	3.02805e-05
1732	3.02552e-05
1733	3.023e-05
1734	3.02048e-05
1735	3.01796e-05
1736	3.01544e-05
1737	3.01293e-05
1738	3.01042e-05
1739	3.00791e-05
1740	3.0054e-05
1741	3.00289e-05
1742	3.00039e-05
1743	2.99788e-05
1744	2.99538e-05
1745	2.99288e-05
1746	2.99039e-05
1747	2.98789e-05
1748	2.9854e-05
1749	2.98291e-05
1750	2.98042e-05
1751	2.97793e-05
1752	2.97545e-05
1753	2.97297e-05
1754	2.97049e-05
1755	2.96801e-05
1756	2.96553e-05
1757	2.96306e-05
1758	2.96059e-05
1759	2.95811e-05
1760	2.95565e-05
1761	2.95318e-05
1762	2.95072e-05
1763	2.94825e-05
1764	2.94579e-05
1765	2.94333e-05
1766	2.94088e-05
1767	2.93842e-05
1768	2.93597e-05
1769	2.93352e-05
1770	2.93107e-05
1771	2.92863e-05
1772	2.92618e-05
1773	2.92374e-05
1774	2.9213e-05
1775	2.91886e-05
1776	2.91642e-05
1777	2.91399e-05
1778	2.91156e-05
1779	2.90912e-05
1780	2.9067e-05
1781	2.90427e-05
1782	2.90184e-05
1783	2.89942e-05
1784	2.897e-05
1785	2.89458e-05
1786	2.89217e-05
1787	2.88975e-05
1788	2.88734e-05
1789	2.88493e-05
1790	2.88252e-05
1791	2.88011e-05
1792	2.87771e-05
1793	2.8753e-05
1794	2.8729e-05
1795	2.8705e-05
1796	2.8681e-05
1797	2.86571e-05
1798	2.86332e-05
1799	2.86092e-05
1800	2.85854e-05
1801	2.85615e-05
1802	2.85376e-05
1803	2.85138e-05
1804	2.849e-05
1805	2.84662e-05
1806	2.84424e-05
1807	2.84186e-05
1808	2.83949e-05
1809	2.83712e-05
1810	2.83475e-05
1811	2.83238e-05
1812	2.83001e-05
1813	2.82765e-05
1814	2.82529e-05
1815	2.82293e-05
1816	2.82057e-05
1817	2.81821e-05
1818	2.81586e-05
1819	2.8135e-05
1820	2.81115e-05
1821	2.8088e-05
1822	2.80646e-05
1823	2.80411e-05
1824	2.80177e-05
1825	2.79943e-05
1826	2.79709e-05
1827	2.79475e-05
1828	2.79242e-05
1829	2.79008e-05
1830	2.78775e-05
1831	2.78542e-05
1832	2.78309e-05
1833	2.78077e-05
1834	2.77844e-05
1835	2.77612e-05
1836	2.7738e-05
1837	2.77148e-05
1838	2.76917e-05
1839	2.76685e-05
1840	2.76454e-05
1841	2.76223e-05
1842	2.75992e-05
1843	2.75761e-05
1844	2.75531e-05
1845	2.753e-05
1846	2.7507e-05
1847	2.7484e-05
1848	2.74611e-05
1849	2.74381e-05
1850	2.74152e-05
1851	2.73923e-05
1852	2.73694e-05
1853	2.73465e-05
1854	2.73236e-05
1855	2.73008e-05
1856	2.72779e-05
1857	2.72551e-05
1858	2.72323e-05
1859	2.72096e-05
1860	2.71868e-05
1861	2.71641e-05
1862	2.71414e-05
1863	2.71187e-05
1864	2.7096e-05
1865	2.70734e-05
1866	2.70507e-05
1867	2.70281e-05
1868	2.70055e-05
1869	2.69829e-05
1870	2.69604e-05
1871	2.69378e-05
1872	2.69153e-05
1873	2.68928e-05
1874	2.68703e-05
1875	2.68478e-05
1876	2.68254e-05
1877	2.68029e-05
1878	2.67805e-05
1879	2.67581e-05
1880	2.67357e-05
1881	2.67134e-05
1882	2.6691e-05
1883	2.66687e-05
1884	2.66464e-05
1885	2.66241e-05
1886	2.66019e-05
1887	2.65796e-05
1888	2.65574e-05
1889	2.65352e-05
1890	2.6513e-05
1891	2.64908e-05
1892	2.64686e-05
1893	2.64465e-05
1894	2.64244e-05
1895	2.64023e-05
1896	2.63802e-05
1897	2.63581e-05
1898	2.63361e-05
1899	2.6314e-05
1900	2.6292e-05
1901	2.627e-05
1902	2.62481e-05
1903	2.62261e-05
1904	2.62042e-05
1905	2.61822e-05
1906	2.61603e-05
1907	2.61384e-05
1908	2.61166e-05
1909	2.60947e-05
1910	2.60729e-05
1911	2.60511e-05
1912	2.60293e-05
1913	2.60075e-05
1914	2.59858e-05
1915	2.5964e-05
1916	2.59423e-05
1917	2.59206e-05
1918	2.58989e-05
1919	2.58772e-05
1920	2.58556e-05
1921	2.58339e-05
1922	2.58123e-05
1923	2.57907e-05
1924	2.57691e-05
1925	2.57476e-05
1926	2.5726e-05
1927	2.57045e-05
1928	2.5683e-05
1929	2.56615e-05
1930	2.564e-05
1931	2.56186e-05
1932	2.55971e-05
1933	2.55757e-05
1934	2.55543e-05
1935	2.55329e-05
1936	2.55116e-05
1937	2.54902e-05
1938	2.54689e-05
1939	2.54476e-05
1940	2.54263e-05
1941	2.5405e-05
1942	2.53837e-05
1943	2.53625e-05
1944	2.53413e-05
1945	2.532e-05
1946	2.52989e-05
1947	2.52777e-05
1948	2.52565e-05
1949	2.52354e-05
1950	2.52143e-05
1951	2.51932e-05
1952	2.51721e-05
1953	2.5151e-05
1954	2.513e-05
1955	2.51089e-05
1956	2.50879e-05
1957	2.50669e-05
1958	2.50459e-05
1959	2.5025e-05
1960	2.5004e-05
1961	2.49831e-05
1962	2.49622e-05
1963	2.49413e-05
1964	2.49204e-05
1965	2.48995e-05
1966	2.48787e-05
1967	2.48579e-05
1968	2.48371e-05
1969	2.48163e-05
1970	2.47955e-05
1971	2.47747e-05
1972	2.4754e-05
1973	2.47333e-05
1974	2.47126e-05
1975	2.46919e-05
1976	2.46712e-05
1977	2.46506e-05
1978	2.46299e-05
1979	2.46093e-05
1980	2.45887e-05
1981	2.45681e-05
1982	2.45475e-05
1983	2.4527e-05
1984	2.45065e-05
1985	2.44859e-05
1986	2.44654e-05
1987	2.4445e-05
1988	2.44245e-05
1989	2.4404e-05
1990	2.43836e-05
1991	2.43632e-05
1992	2.43428e-05
1993	2.43224e-05
1994	2.43021e-05
1995	2.42817e-05
1996	2.42614e-05
1997	2.42411e-05
1998	2.42208e-05
1999	2.42005e-05
2000	2.41802e-05
2001	2.416e-05
2002	2.41398e-05
2003	2.41195e-05
2004	2.40993e-05
2005	2.40792e-05
2006	2.4059e-05
2007	2.40389e-05
2008	2.40187e-05
2009	2.39986e-05
2010	2.39785e-05
2011	2.39584e-05
2012	2.39384e-05
2013	2.39183e-05
2014	2.38983e-05
2015	2.38783e-05
2016	2.38583e-05
2017	2.38383e-05
2018	2.38184e-05
2019	2.37984e-05
2020	2.37785e-05
2021	2.37586e-05
2022	2.37387e-05
2023	2.37188e-05
2024	2.36989e-05
2025	2.36791e-05
2026	2.36593e-05
2027	2.36395e-05
2028	2.36197e-05
2029	2.35999e-05
2030	2.35801e-05
2031	2.35604e-05
2032	2.35406e-05
2033	2.35209e-05
2034	2.35012e-05
2035	2.34815e-05
2036	2.34619e-05
2037	2.34422e-05
2038	2.34226e-05
2039	2.3403e-05
2040	2.33834e-05
2041	2.33638e-05
2042	2.33442e-05
2043	2.33247e-05
2044	2.33052e-05
2045	2.32856e-05
2046	2.32661e-05
2047	2.32466e-05
2048	2.32272e-05
2049	2.32077e-05
2050	2.31883e-05
2051	2.31689e-05
2052	2.31495e-05
2053	2.31301e-05
2054	2.31107e-05
2055	2.30914e-05
2056	2.3072e-05
2057	2.30527e-05
2058	2.30334e-05
2059	2.30141e-05
2060	2.29948e-05
2061	2.29756e-05
2062	2.29563e-05
2063	2.29371e-05
2064	2.29179e-05
2065	2.28987e-05
2066	2.28795e-05
2067	2.28603e-05
2068	2.28412e-05
2069	2.28221e-05
2070	2.28029e-05
2071	2.27838e-05
2072	2.27648e-05
2073	2.27457e-05
2074	2.27266e-05
2075	2.27076e-05
2076	2.26886e-05
2077	2.26696e-05
2078	2.26506e-05
2079	2.26316e-05
2080	2.26127e-05
2081	2.25937e-05
2082	2.25748e-05
2083	2.25559e-05
2084	2.2537e-05
2085	2.25181e-05
2086	2.24993e-05
2087	2.24804e-05
2088	2.24616e-05
2089	2.24428e-05
2090	2.2424e-05
2091	2.24052e-05
2092	2.23864e-05
2093	2.23677e-05
2094	2.23489e-05
2095	2.23302e-05
2096	2.23115e-05
2097	2.22928e-05
2098	2.22742e-05
2099	2.22555e-05
2100	2.22369e-05
2101	2.22182e-05
2102	2.21996e-05
2103	2.2181e-05
2104	2.21624e-05
2105	2.21439e-05
2106	2.21253e-05
2107	2.21068e-05
2108	2.20883e-05
2109	2.20698e-05
2110	2.20513e-05
2111	2.20328e-05
2112	2.20144e-05
2113	2.19959e-05
2114	2.19775e-05
2115	2.19591e-05
2116	2.19407e-05
2117	2.19223e-05
2118	2.1904e-05
2119	2.18856e-05
2120	2.18673e-05
2121	2.1849e-05
2122	2.18307e-05
2123	2.18124e-05
2124	2.17941e-05
2125	2.17758e-05
2126	2.17576e-05
2127	2.17394e-05
2128	2.17212e-05
2129	2.1703e-05
2130	2.16848e-05
2131	2.16666e-05
2132	2.16485e-05
2133	2.16303e-05
2134	2.16122e-05
2135	2.15941e-05
2136	2.1576e-05
2137	2.1558e-05
2138	2.15399e-05
2139	2.15219e-05
2140	2.15038e-05
2141	2.14858e-05
2142	2.14678e-05
2143	2.14498e-05
2144	2.14319e-05
2145	2.14139e-05
2146	2.1396e-05
2147	2.1378e-05
2148	2.13601e-05
2149	2.13422e-05
2150	2.13244e-05
2151	2.13065e-05
2152	2.12887e-05
2153	2.12708e-05
2154	2.1253e-05
2155	2.12352e-05
2156	2.12174e-05
2157	2.11996e-05
2158	2.11819e-05
2159	2.11641e-05
2160	2.11464e-05
2161	2.11287e-05
2162	2.1111e-05
2163	2.10933e-05
2164	2.10756e-05
2165	2.1058e-05
2166	2.10403e-05
2167	2.10227e-05
2168	2.10051e-05
2169	2.09875e-05
2170	2.09699e-05
2171	2.09524e-05
2172	2.09348e-05
2173	2.09173e-05
2174	2.08998e-05
2175	2.08822e-05
2176	2.08648e-05
2177	2.08473e-05
2178	2.08298e-05
2179	2.08124e-05
2180	2.07949e-05
2181	2.07775e-05
2182	2.07601e-05
2183	2.07427e-05
2184	2.07253e-05
2185	2.0708e-05
2186	2.06906e-05
2187	2.06733e-05
2188	2.0656e-05
2189	2.06387e-05
2190	2.06214e-05
2191	2.06041e-05
2192	2.05869e-05
2193	2.05696e-05
2194	2.05524e-05
2195	2.05352e-05
2196	2.0518e-05
2197	2.05008e-05
2198	2.04836e-05
2199	2.04664e-05
2200	2.04493e-05
2201	2.04322e-05
2202	2.0415e-05
2203	2.03979e-05
2204	2.03809e-05
2205	2.03638e-05
2206	2.03467e-05
2207	2.03297e-05
2208	2.03127e-05
2209	2.02956e-05
2210	2.02786e-05
2211	2.02617e-05
2212	2.02447e-05
2213	2.02277e-05
2214	2.02108e-05
2215	2.01938e-05
2216	2.01769e-05
2217	2.016e-05
2218	2.01431e-05
2219	2.01263e-05
2220	2.01094e-05
2221	2.00926e-05
2222	2.00757e-05
2223	2.00589e-05
2224	2.00421e-05
2225	2.00253e-05
2226	2.00086e-05
2227	1.99918e-05
2228	1.9975e-05
2229	1.99583e-05
2230	1.99416e-05
2231	1.99249e-05
2232	1.99082e-05
2233	1.98915e-05
2234	1.98749e-05
2235	1.98582e-05
2236	1.98416e-05
2237	1.9825e-05
2238	1.98084e-05
2239	1.97918e-05
2240	1.97752e-05
2241	1.97586e-05
2242	1.97421e-05
2243	1.97255e-05
2244	1.9709e-05
2245	1.96925e-05
2246	1.9676e-05
2247	1.96595e-05
2248	1.96431e-05
2249	1.96266e-05
2250	1.96102e-05
2251	1.95937e-05
2252	1.95773e-05
2253	1.95609e-05
2254	1.95445e-05
2255	1.95282e-05
2256	1.95118e-05
2257	1.94955e-05
2258	1.94791e-05
2259	1.94628e-05
2260	1.94465e-05
2261	1.94302e-05
2262	1.9414e-05
2263	1.93977e-05
2264	1.93815e-05
2265	1.93652e-05
2266	1.9349e-05
2267	1.93328e-05
2268	1.93166e-05
2269	1.93004e-05
2270	1.92843e-05
2271	1.92681e-05
2272	1.9252e-05
2273	1.92358e-05
2274	1.92197e-05
2275	1.92036e-05
2276	1.91875e-05
2277	1.91715e-05
2278	1.91554e-05
2279	1.91394e-05
2280	1.91233e-05
2281	1.91073e-05
2282	1.90913e-05
2283	1.90753e-05
2284	1.90594e-05
2285	1.90434e-05
2286	1.90274e-05
2287	1.90115e-05
2288	1.89956e-05
2289	1.89797e-05
2290	1.89638e-05
2291	1.89479e-05
2292	1.8932e-05
2293	1.89162e-05
2294	1.89003e-05
2295	1.88845e-05
2296	1.88687e-05
2297	1.88529e-05
2298	1.88371e-05
2299	1.88213e-05
2300	1.88055e-05
2301	1.87898e-05
2302	1.87741e-05
2303	1.87583e-05
2304	1.87426e-05
2305	1.87269e-05
2306	1.87112e-05
2307	1.86956e-05
2308	1.86799e-05
2309	1.86643e-05
2310	1.86486e-05
2311	1.8633e-05
2312	1.86174e-05
2313	1.86018e-05
2314	1.85862e-05
2315	1.85707e-05
2316	1.85551e-05
2317	1.85396e-05
2318	1.85241e-05
2319	1.85085e-05
2320	1.8493e-05
2321	1.84776e-05
2322	1.84621e-05
2323	1.84466e-05
2324	1.84312e-05
2325	1.84157e-05
2326	1.84003e-05
2327	1.83849e-05
2328	1.83695e-05
2329	1.83541e-05
2330	1.83388e-05
2331	1.83234e-05
2332	1.83081e-05
2333	1.82927e-05
2334	1.82774e-05
2335	1.82621e-05
2336	1.82468e-05
2337	1.82315e-05
2338	1.82163e-05
2339	1.8201e-05
2340	1.81858e-05
2341	1.81705e-05
2342	1.81553e-05
2343	1.81401e-05
2344	1.81249e-05
2345	1.81097e-05
2346	1.80946e-05
2347	1.80794e-05
2348	1.80643e-05
2349	1.80492e-05
2350	1.8034e-05
2351	1.80189e-05
2352	1.80039e-05
2353	1.79888e-05
2354	1.79737e-05
2355	1.79587e-05
2356	1.79436e-05
2357	1.79286e-05
2358	1.79136e-05
2359	1.78986e-05
2360	1.78836e-05
2361	1.78686e-05
2362	1.78537e-05
2363	1.78387e-05
2364	1.78238e-05
2365	1.78089e-05
2366	1.77939e-05
2367	1.7779e-05
2368	1.77642e-05
2369	1.77493e-05
2370	1.77344e-05
2371	1.77196e-05
2372	1.77047e-05
2373	1.76899e-05
2374	1.76751e-05
2375	1.76603e-05
2376	1.76455e-05
2377	1.76307e-05
2378	1.7616e-05
2379	1.76012e-05
2380	1.75865e-05
2381	1.75718e-05
2382	1.75571e-05
2383	1.75424e-05
2384	1.75277e-05
2385	1.7513e-05
2386	1.74983e-05
2387	1.74837e-05
2388	1.7469e-05
2389	1.74544e-05
2390	1.74398e-05
2391	1.74252e-05
2392	1.74106e-05
2393	1.7396e-05
2394	1.73815e-05
2395	1.73669e-05
2396	1.73524e-05
2397	1.73379e-05
2398	1.73233e-05
2399	1.73088e-05
2400	1.72943e-05
2401	1.72799e-05
2402	1.72654e-05
2403	1.72509e-05
2404	1.72365e-05
2405	1.72221e-05
2406	1.72076e-05
2407	1.71932e-05
2408	1.71788e-05
2409	1.71645e-05
2410	1.71501e-05
2411	1.71357e-05
2412	1.71214e-05
2413	1.71071e-05
2414	1.70927e-05
2415	1.70784e-05
2416	1.70641e-05
2417	1.70498e-05
2418	1.70356e-05
2419	1.70213e-05
2420	1.70071e-05
2421	1.69928e-05
2422	1.69786e-05
2423	1.69644e-05
2424	1.69502e-05
2425	1.6936e-05
2426	1.69218e-05
2427	1.69077e-05
2428	1.68935e-05
2429	1.68794e-05
2430	1.68652e-05
2431	1.68511e-05
2432	1.6837e-05
2433	1.68229e-05
2434	1.68088e-05
2435	1.67948e-05
2436	1.67807e-05
2437	1.67667e-05
2438	1.67526e-05
2439	1.67386e-05
2440	1.67246e-05
2441	1.67106e-05
2442	1.66966e-05
2443	1.66826e-05
2444	1.66686e-05
2445	1.66547e-05
2446	1.66408e-05
2447	1.66268e-05
2448	1.66129e-05
2449	1.6599e-05
2450	1.65851e-05
2451	1.65712e-05
2452	1.65574e-05
2453	1.65435e-05
2454	1.65296e-05
2455	1.65158e-05
2456	1.6502e-05
2457	1.64882e-05
2458	1.64744e-05
2459	1.64606e-05
2460	1.64468e-05
2461	1.6433e-05
2462	1.64193e-05
2463	1.64055e-05
2464	1.63918e-05
2465	1.63781e-05
2466	1.63644e-05
2467	1.63507e-05
2468	1.6337e-05
2469	1.63233e-05
2470	1.63097e-05
2471	1.6296e-05
2472	1.62824e-05
2473	1.62687e-05
2474	1.62551e-05
2475	1.62415e-05
2476	1.62279e-05
2477	1.62143e-05
2478	1.62008e-05
2479	1.61872e-05
2480	1.61737e-05
2481	1.61601e-05
2482	1.61466e-05
2483	1.61331e-05
2484	1.61196e-05
2485	1.61061e-05
2486	1.60926e-05
2487	1.60791e-05
2488	1.60657e-05
2489	1.60522e-05
2490	1.60388e-05
2491	1.60254e-05
2492	1.6012e-05
2493	1.59986e-05
2494	1.59852e-05
2495	1.59718e-05
2496	1.59584e-05
2497	1.59451e-05
2498	1.59317e-05
2499	1.59184e-05
2500	1.59051e-05
2501	1.58918e-05
2502	1.58785e-05
2503	1.58652e-05
2504	1.58519e-05
2505	1.58386e-05
2506	1.58254e-05
2507	1.58121e-05
2508	1.57989e-05
2509	1.57857e-05
2510	1.57725e-05
2511	1.57593e-05
2512	1.57461e-05
2513	1.57329e-05
2514	1.57197e-05
2515	1.57066e-05
2516	1.56935e-05
2517	1.56803e-05
2518	1.56672e-05
2519	1.56541e-05
2520	1.5641e-05
2521	1.56279e-05
2522	1.56148e-05
2523	1.56018e-05
2524	1.55887e-05
2525	1.55757e-05
2526	1.55626e-05
2527	1.55496e-05
2528	1.55366e-05
2529	1.55236e-05
2530	1.55106e-05
2531	1.54976e-05
2532	1.54847e-05
2533	1.54717e-05
2534	1.54588e-05
2535	1.54458e-05
2536	1.54329e-05
2537	1.542e-05
2538	1.54071e-05
2539	1.53942e-05
2540	1.53813e-05
2541	1.53684e-05
2542	1.53556e-05
2543	1.53427e-05
2544	1.53299e-05
2545	1.53171e-05
2546	1.53043e-05
2547	1.52915e-05
2548	1.52787e-05
2549	1.52659e-05
2550	1.52531e-05
2551	1.52403e-05
2552	1.52276e-05
2553	1.52149e-05
2554	1.52021e-05
2555	1.51894e-05
2556	1.51767e-05
2557	1.5164e-05
2558	1.51513e-05
2559	1.51386e-05
2560	1.5126e-05
2561	1.51133e-05
2562	1.51007e-05
2563	1.5088e-05
2564	1.50754e-05
2565	1.50628e-05
2566	1.50502e-05
2567	1.50376e-05
2568	1.5025e-05
2569	1.50125e-05
2570	1.49999e-05
2571	1.49874e-05
2572	1.49748e-05
2573	1.49623e-05
2574	1.49498e-05
2575	1.49373e-05
2576	1.49248e-05
2577	1.49123e-05
2578	1.48998e-05
2579	1.48874e-05
2580	1.48749e-05
2581	1.48625e-05
2582	1.485e-05
2583	1.48376e-05
2584	1.48252e-05
2585	1.48128e-05
2586	1.48004e-05
2587	1.4788e-05
2588	1.47757e-05
2589	1.47633e-05
2590	1.47509e-05
2591	1.47386e-05
2592	1.47263e-05
2593	1.4714e-05
2594	1.47017e-05
2595	1.46894e-05
2596	1.46771e-05
2597	1.46648e-05
2598	1.46525e-05
2599	1.46403e-05
2600	1.4628e-05
2601	1.46158e-05
2602	1.46036e-05
2603	1.45914e-05
2604	1.45791e-05
2605	1.4567e-05
2606	1.45548e-05
2607	1.45426e-05
2608	1.45304e-05
2609	1.45183e-05
2610	1.45061e-05
2611	1.4494e-05
2612	1.44819e-05
2613	1.44698e-05
2614	1.44577e-05
2615	1.44456e-05
2616	1.44335e-05
2617	1.44214e-05
2618	1.44094e-05
2619	1.43973e-05
2620	1.43853e-05
2621	1.43732e-05
2622	1.43612e-05
2623	1.43492e-05
2624	1.43372e-05
2625	1.43252e-05
2626	1.43132e-05
2627	1.43013e-05
2628	1.42893e-05
2629	1.42774e-05
2630	1.42654e-05
2631	1.42535e-05
2632	1.42416e-05
2633	1.42297e-05
2634	1.42178e-05
2635	1.42059e-05
2636	1.4194e-05
2637	1.41821e-05
2638	1.41703e-05
2639	1.41584e-05
2640	1.41466e-05
2641	1.41348e-05
2642	1.41229e-05
2643	1.41111e-05
2644	1.40993e-05
2645	1.40875e-05
2646	1.40758e-05
2647	1.4064e-05
2648	1.40522e-05
2649	1.40405e-05
2650	1.40287e-05
2651	1.4017e-05
2652	1.40053e-05
2653	1.39936e-05
2654	1.39819e-05
2655	1.39702e-05
2656	1.39585e-05
2657	1.39468e-05
2658	1.39352e-05
2659	1.39235e-05
2660	1.39119e-05
2661	1.39003e-05
2662	1.38886e-05
2663	1.3877e-05
2664	1.38654e-05
2665	1.38538e-05
2666	1.38422e-05
2667	1.38307e-05
2668	1.38191e-05
2669	1.38076e-05
2670	1.3796e-05
2671	1.37845e-05
2672	1.3773e-05
2673	1.37614e-05
2674	1.37499e-05
2675	1.37384e-05
2676	1.3727e-05
2677	1.37155e-05
2678	1.3704e-05
2679	1.36926e-05
2680	1.36811e-05
2681	1.36697e-05
2682	1.36582e-05
2683	1.36468e-05
2684	1.36354e-05
2685	1.3624e-05
2686	1.36126e-05
2687	1.36013e-05
2688	1.35899e-05
2689	1.35785e-05
2690	1.35672e-05
2691	1.35558e-05
2692	1.35445e-05
2693	1.35332e-05
2694	1.35219e-05
2695	1.35106e-05
2696	1.34993e-05
2697	1.3488e-05
2698	1.34767e-05
2699	1.34654e-05
2700	1.34542e-05
2701	1.34429e-05
2702	1.34317e-05
2703	1.34205e-05
2704	1.34093e-05
2705	1.33981e-05
2706	1.33869e-05
2707	1.33757e-05
2708	1.33645e-05
2709	1.33533e-05
2710	1.33422e-05
2711	1.3331e-05
2712	1.33199e-05
2713	1.33087e-05
2714	1.32976e-05
2715	1.32865e-05
2716	1.32754e-05
2717	1.32643e-05
2718	1.32532e-05
2719	1.32421e-05
2720	1.32311e-05
2721	1.322e-05
2722	1.3209e-05
2723	1.31979e-05
2724	1.31869e-05
2725	1.31759e-05
2726	1.31649e-05
2727	1.31539e-05
2728	1.31429e-05
2729	1.31319e-05
2730	1.31209e-05
2731	1.31099e-05
2732	1.3099e-05
2733	1.3088e-05
2734	1.30771e-05
2735	1.30662e-05
2736	1.30553e-05
2737	1.30443e-05
2738	1.30334e-05
2739	1.30226e-05
2740	1.30117e-05
2741	1.30008e-05
2742	1.29899e-05
2743	1.29791e-05
2744	1.29682e-05
2745	1.29574e-05
2746	1.29466e-05
2747	1.29357e-05
2748	1.29249e-05
2749	1.29141e-05
2750	1.29033e-05
2751	1.28926e-05
2752	1.28818e-05
2753	1.2871e-05
2754	1.28603e-05
2755	1.28495e-05
2756	1.28388e-05
2757	1.28281e-05
2758	1.28173e-05
2759	1.28066e-05
2760	1.27959e-05
2761	1.27852e-05
2762	1.27746e-05
2763	1.27639e-05
2764	1.27532e-05
2765	1.27426e-05
2766	1.27319e-05
2767	1.27213e-05
2768	1.27107e-05
2769	1.27e-05
2770	1.26894e-05
2771	1.26788e-05
2772	1.26682e-05
2773	1.26577e-05
2774	1.26471e-05
2775	1.26365e-05
2776	1.2626e-05
2777	1.26154e-05
2778	1.26049e-05
2779	1.25943e-05
2780	1.25838e-05
2781	1.25733e-05
2782	1.25628e-05
2783	1.25523e-05
2784	1.25418e-05
2785	1.25313e-05
2786	1.25209e-05
2787	1.25104e-05
2788	1.25e-05
2789	1.24895e-05
2790	1.24791e-05
2791	1.24687e-05
2792	1.24582e-05
2793	1.24478e-05
2794	1.24374e-05
2795	1.24271e-05
2796	1.24167e-05
2797	1.24063e-05
2798	1.23959e-05
2799	1.23856e-05
2800	1.23752e-05
2801	1.23649e-05
2802	1.23546e-05
2803	1.23443e-05
2804	1.23339e-05
2805	1.23236e-05
2806	1.23133e-05
2807	1.23031e-05
2808	1.22928e-05
2809	1.22825e-05
2810	1.22723e-05
2811	1.2262e-05
2812	1.22518e-05
2813	1.22415e-05
2814	1.22313e-05
2815	1.22211e-05
2816	1.22109e-05
2817	1.22007e-05
2818	1.21905e-05
2819	1.21803e-05
2820	1.21701e-05
2821	1.216e-05
2822	1.21498e-05
2823	1.21397e-05
2824	1.21295e-05
2825	1.21194e-05
2826	1.21093e-05
2827	1.20992e-05
2828	1.20891e-05
2829	1.2079e-05
2830	1.20689e-05
2831	1.20588e-05
2832	1.20487e-05
2833	1.20387e-05
2834	1.20286e-05
2835	1.20186e-05
2836	1.20085e-05
2837	1.19985e-05
2838	1.19885e-05
2839	1.19785e-05
2840	1.19685e-05
2841	1.19585e-05
2842	1.19485e-05
2843	1.19385e-05
2844	1.19285e-05
2845	1.19186e-05
2846	1.19086e-05
2847	1.18987e-05
2848	1.18888e-05
2849	1.18788e-05
2850	1.18689e-05
2851	1.1859e-05
2852	1.18491e-05
2853	1.18392e-05
2854	1.18293e-05
2855	1.18194e-05
2856	1.18096e-05
2857	1.17997e-05
2858	1.17899e-05
2859	1.178e-05
2860	1.17702e-05
2861	1.17603e-05
2862	1.17505e-05
2863	1.17407e-05
2864	1.17309e-05
2865	1.17211e-05
2866	1.17113e-05
2867	1.17016e-05
2868	1.16918e-05
2869	1.1682e-05
2870	1.16723e-05
2871	1.16625e-05
2872	1.16528e-05
2873	1.16431e-05
2874	1.16333e-05
2875	1.16236e-05
2876	1.16139e-05
2877	1.16042e-05
2878	1.15945e-05
2879	1.15849e-05
2880	1.15752e-05
2881	1.15655e-05
2882	1.15559e-05
2883	1.15462e-05
2884	1.15366e-05
2885	1.1527e-05
2886	1.15173e-05
2887	1.15077e-05
2888	1.14981e-05
2889	1.14885e-05
2890	1.14789e-05
2891	1.14693e-05
2892	1.14598e-05
2893	1.14502e-05
2894	1.14406e-05
2895	1.14311e-05
2896	1.14216e-05
2897	1.1412e-05
2898	1.14025e-05
2899	1.1393e-05
2900	1.13835e-05
2901	1.1374e-05
2902	1.13645e-05
2903	1.1355e-05
2904	1.13455e-05
2905	1.1336e-05
2906	1.13266e-05
2907	1.13171e-05
2908	1.13077e-05
2909	1.12982e-05
2910	1.12888e-05
2911	1.12794e-05
2912	1.127e-05
2913	1.12606e-05
2914	1.12512e-05
2915	1.12418e-05
2916	1.12324e-05
2917	1.1223e-05
2918	1.12136e-05
2919	1.12043e-05
2920	1.11949e-05
2921	1.11856e-05
2922	1.11763e-05
2923	1.11669e-05
2924	1.11576e-05
2925	1.11483e-05
2926	1.1139e-05
2927	1.11297e-05
2928	1.11204e-05
2929	1.11111e-05
2930	1.11019e-05
2931	1.10926e-05
2932	1.10833e-05
2933	1.10741e-05
2934	1.10648e-05
2935	1.10556e-05
2936	1.10464e-05
2937	1.10372e-05
2938	1.1028e-05
2939	1.10188e-05
2940	1.10096e-05
2941	1.10004e-05
2942	1.09912e-05
2943	1.0982e-05
2944	1.09729e-05
2945	1.09637e-05
2946	1.09545e-05
2947	1.09454e-05
2948	1.09363e-05
2949	1.09272e-05
2950	1.0918e-05
2951	1.09089e-05
2952	1.08998e-05
2953	1.08907e-05
2954	1.08816e-05
2955	1.08726e-05
2956	1.08635e-05
2957	1.08544e-05
2958	1.08454e-05
2959	1.08363e-05
2960	1.08273e-05
2961	1.08182e-05
2962	1.08092e-05
2963	1.08002e-05
2964	1.07912e-05
2965	1.07822e-05
2966	1.07732e-05
2967	1.07642e-05
2968	1.07552e-05
2969	1.07462e-05
2970	1.07373e-05
2971	1.07283e-05
2972	1.07194e-05
2973	1.07104e-05
2974	1.07015e-05
2975	1.06926e-05
2976	1.06836e-05
2977	1.06747e-05
2978	1.06658e-05
2979	1.06569e-05
2980	1.0648e-05
2981	1.06392e-05
2982	1.06303e-05
2983	1.06214e-05
2984	1.06125e-05
2985	1.06037e-05
2986	1.05948e-05
2987	1.0586e-05
2988	1.05772e-05
2989	1.05684e-05
2990	1.05595e-05
2991	1.05507e-05
2992	1.05419e-05
2993	1.05331e-05
2994	1.05243e-05
2995	1.05156e-05
2996	1.05068e-05
2997	1.0498e-05
2998	1.04893e-05
2999	1.04805e-05
3000	1.04718e-05
3001	1.0463e-05
3002	1.04543e-05
3003	1.04456e-05
3004	1.04369e-05
3005	1.04282e-05
3006	1.04195e-05
3007	1.04108e-05
3008	1.04021e-05
3009	1.03934e-05
3010	1.03848e-05
3011	1.03761e-05
3012	1.03674e-05
3013	1.03588e-05
3014	1.03502e-05
3015	1.03415e-05
3016	1.03329e-05
3017	1.03243e-05
3018	1.03157e-05
3019	1.03071e-05
3020	1.02985e-05
3021	1.02899e-05
3022	1.02813e-05
3023	1.02727e-05
3024	1.02642e-05
3025	1.02556e-05
3026	1.02471e-05
3027	1.02385e-05
3028	1.023e-05
3029	1.02214e-05
3030	1.02129e-05
3031	1.02044e-05
3032	1.01959e-05
3033	1.01874e-05
3034	1.01789e-05
3035	1.01704e-05
3036	1.01619e-05
3037	1.01534e-05
3038	1.0145e-05
3039	1.01365e-05
3040	1.01281e-05
3041	1.01196e-05
3042	1.01112e-05
3043	1.01027e-05
3044	1.00943e-05
3045	1.00859e-05
3046	1.00775e-05
3047	1.00691e-05
3048	1.00607e-05
3049	1.00523e-05
3050	1.00439e-05
3051	1.00355e-05
3052	1.00272e-05
3053	1.00188e-05
3054	1.00105e-05
3055	1.00021e-05
3056	9.99378e-06
3057	9.98544e-06
3058	9.97712e-06
3059	9.9688e-06
3060	9.96049e-06
3061	9.95218e-06
3062	9.94389e-06
3063	9.93559e-06
3064	9.92731e-06
3065	9.91903e-06
3066	9.91076e-06
3067	9.9025e-06
3068	9.89424e-06
3069	9.886e-06
3070	9.87775e-06
3071	9.86952e-06
3072	9.86129e-06
3073	9.85307e-06
3074	9.84485e-06
3075	9.83665e-06
3076	9.82844e-06
3077	9.82025e-06
3078	9.81206e-06
3079	9.80388e-06
3080	9.79571e-06
3081	9.78754e-06
3082	9.77938e-06
3083	9.77123e-06
3084	9.76309e-06
3085	9.75495e-06
3086	9.74682e-06
3087	9.73869e-06
3088	9.73057e-06
3089	9.72246e-06
3090	9.71436e-06
3091	9.70626e-06
3092	9.69817e-06
3093	9.69008e-06
3094	9.682e-06
3095	9.67393e-06
3096	9.66587e-06
3097	9.65781e-06
3098	9.64976e-06
3099	9.64172e-06
3100	9.63368e-06
3101	9.62565e-06
3102	9.61763e-06
3103	9.60961e-06
3104	9.6016e-06
3105	9.5936e-06
3106	9.5856e-06
3107	9.57761e-06
3108	9.56963e-06
3109	9.56165e-06
3110	9.55368e-06
3111	9.54572e-06
3112	9.53776e-06
3113	9.52981e-06
3114	9.52187e-06
3115	9.51394e-06
3116	9.50601e-06
3117	9.49808e-06
3118	9.49017e-06
3119	9.48226e-06
3120	9.47435e-06
3121	9.46646e-06
3122	9.45857e-06
3123	9.45069e-06
3124	9.44281e-06
3125	9.43494e-06
3126	9.42708e-06
3127	9.41922e-06
3128	9.41137e-06
3129	9.40353e-06
3130	9.39569e-06
3131	9.38786e-06
3132	9.38004e-06
3133	9.37222e-06
3134	9.36441e-06
3135	9.3566e-06
3136	9.34881e-06
3137	9.34102e-06
3138	9.33323e-06
3139	9.32545e-06
3140	9.31768e-06
3141	9.30992e-06
3142	9.30216e-06
3143	9.29441e-06
3144	9.28666e-06
3145	9.27893e-06
3146	9.27119e-06
3147	9.26347e-06
3148	9.25575e-06
3149	9.24804e-06
3150	9.24033e-06
3151	9.23263e-06
3152	9.22494e-06
3153	9.21725e-06
3154	9.20957e-06
3155	9.2019e-06
3156	9.19423e-06
3157	9.18657e-06
3158	9.17891e-06
3159	9.17127e-06
3160	9.16362e-06
3161	9.15599e-06
3162	9.14836e-06
3163	9.14074e-06
3164	9.13312e-06
3165	9.12551e-06
3166	9.11791e-06
3167	9.11031e-06
3168	9.10272e-06
3169	9.09514e-06
3170	9.08756e-06
3171	9.07999e-06
3172	9.07242e-06
3173	9.06487e-06
3174	9.05731e-06
3175	9.04977e-06
3176	9.04223e-06
3177	9.0347e-06
3178	9.02717e-06
3179	9.01965e-06
3180	9.01213e-06
3181	9.00463e-06
3182	8.99712e-06
3183	8.98963e-06
3184	8.98214e-06
3185	8.97466e-06
3186	8.96718e-06
3187	8.95971e-06
3188	8.95225e-06
3189	8.94479e-06
3190	8.93734e-06
3191	8.92989e-06
3192	8.92245e-06
3193	8.91502e-06
3194	8.9076e-06
3195	8.90018e-06
3196	8.89276e-06
3197	8.88535e-06
3198	8.87795e-06
3199	8.87056e-06
3200	8.86317e-06
3201	8.85579e-06
3202	8.84841e-06
3203	8.84104e-06
3204	8.83367e-06
3205	8.82632e-06
3206	8.81896e-06
3207	8.81162e-06
3208	8.80428e-06
3209	8.79695e-06
3210	8.78962e-06
3211	8.7823e-06
3212	8.77498e-06
3213	8.76767e-06
3214	8.76037e-06
3215	8.75307e-06
3216	8.74578e-06
3217	8.7385e-06
3218	8.73122e-06
3219	8.72395e-06
3220	8.71668e-06
3221	8.70942e-06
3222	8.70217e-06
3223	8.69492e-06
3224	8.68768e-06
3225	8.68045e-06
3226	8.67322e-06
3227	8.66599e-06
3228	8.65878e-06
3229	8.65156e-06
3230	8.64436e-06
3231	8.63716e-06
3232	8.62997e-06
3233	8.62278e-06
3234	8.6156e-06
3235	8.60842e-06
3236	8.60126e-06
3237	8.59409e-06
3238	8.58694e-06
3239	8.57979e-06
3240	8.57264e-06
3241	8.5655e-06
3242	8.55837e-06
3243	8.55124e-06
3244	8.54412e-06
3245	8.53701e-06
3246	8.5299e-06
3247	8.52279e-06
3248	8.5157e-06
3249	8.50861e-06
3250	8.50152e-06
3251	8.49444e-06
3252	8.48737e-06
3253	8.4803e-06
3254	8.47324e-06
3255	8.46618e-06
3256	8.45914e-06
3257	8.45209e-06
3258	8.44505e-06
3259	8.43802e-06
3260	8.431e-06
3261	8.42398e-06
3262	8.41696e-06
3263	8.40995e-06
3264	8.40295e-06
3265	8.39596e-06
3266	8.38896e-06
3267	8.38198e-06
3268	8.375e-06
3269	8.36803e-06
3270	8.36106e-06
3271	8.3541e-06
3272	8.34714e-06
3273	8.3402e-06
3274	8.33325e-06
3275	8.32631e-06
3276	8.31938e-06
3277	8.31245e-06
3278	8.30553e-06
3279	8.29862e-06
3280	8.29171e-06
3281	8.28481e-06
3282	8.27791e-06
3283	8.27102e-06
3284	8.26413e-06
3285	8.25725e-06
3286	8.25038e-06
3287	8.24351e-06
3288	8.23665e-06
3289	8.22979e-06
3290	8.22294e-06
3291	8.21609e-06
3292	8.20926e-06
3293	8.20242e-06
3294	8.19559e-06
3295	8.18877e-06
3296	8.18195e-06
3297	8.17514e-06
3298	8.16834e-06
3299	8.16154e-06
3300	8.15474e-06
3301	8.14796e-06
3302	8.14117e-06
3303	8.1344e-06
3304	8.12763e-06
3305	8.12086e-06
3306	8.1141e-06
3307	8.10735e-06
3308	8.1006e-06
3309	8.09386e-06
3310	8.08712e-06
3311	8.08039e-06
3312	8.07366e-06
3313	8.06694e-06
3314	8.06023e-06
3315	8.05352e-06
3316	8.04681e-06
3317	8.04012e-06
3318	8.03343e-06
3319	8.02674e-06
3320	8.02006e-06
3321	8.01338e-06
3322	8.00671e-06
3323	8.00005e-06
3324	7.99339e-06
3325	7.98674e-06
3326	7.98009e-06
3327	7.97345e-06
3328	7.96681e-06
3329	7.96018e-06
3330	7.95356e-06
3331	7.94694e-06
3332	7.94032e-06
3333	7.93372e-06
3334	7.92711e-06
3335	7.92052e-06
3336	7.91392e-06
3337	7.90734e-06
3338	7.90076e-06
3339	7.89418e-06
3340	7.88761e-06
3341	7.88105e-06
3342	7.87449e-06
3343	7.86794e-06
3344	7.86139e-06
3345	7.85485e-06
3346	7.84831e-06
3347	7.84178e-06
3348	7.83525e-06
3349	7.82873e-06
3350	7.82222e-06
3351	7.81571e-06
3352	7.80921e-06
3353	7.80271e-06
3354	7.79622e-06
3355	7.78973e-06
3356	7.78325e-06
3357	7.77677e-06
3358	7.7703e-06
3359	7.76383e-06
3360	7.75737e-06
3361	7.75092e-06
3362	7.74447e-06
3363	7.73802e-06
3364	7.73159e-06
3365	7.72515e-06
3366	7.71873e-06
3367	7.7123e-06
3368	7.70589e-06
3369	7.69947e-06
3370	7.69307e-06
3371	7.68667e-06
3372	7.68027e-06
3373	7.67388e-06
3374	7.6675e-06
3375	7.66112e-06
3376	7.65474e-06
3377	7.64837e-06
3378	7.64201e-06
3379	7.63565e-06
3380	7.6293e-06
3381	7.62295e-06
3382	7.61661e-06
3383	7.61027e-06
3384	7.60394e-06
3385	7.59762e-06
3386	7.59129e-06
3387	7.58498e-06
3388	7.57867e-06
3389	7.57236e-06
3390	7.56606e-06
3391	7.55977e-06
3392	7.55348e-06
3393	7.5472e-06
3394	7.54092e-06
3395	7.53465e-06
3396	7.52838e-06
3397	7.52211e-06
3398	7.51586e-06
3399	7.5096e-06
3400	7.50336e-06
3401	7.49712e-06
3402	7.49088e-06
3403	7.48465e-06
3404	7.47842e-06
3405	7.4722e-06
3406	7.46598e-06
3407	7.45977e-06
3408	7.45357e-06
3409	7.44737e-06
3410	7.44117e-06
3411	7.43498e-06
3412	7.4288e-06
3413	7.42262e-06
3414	7.41645e-06
3415	7.41028e-06
3416	7.40411e-06
3417	7.39795e-06
3418	7.3918e-06
3419	7.38565e-06
3420	7.37951e-06
3421	7.37337e-06
3422	7.36724e-06
3423	7.36111e-06
3424	7.35499e-06
3425	7.34887e-06
3426	7.34276e-06
3427	7.33665e-06
3428	7.33055e-06
3429	7.32445e-06
3430	7.31836e-06
3431	7.31227e-06
3432	7.30619e-06
3433	7.30011e-06
3434	7.29404e-06
3435	7.28798e-06
3436	7.28192e-06
3437	7.27586e-06
3438	7.26981e-06
3439	7.26376e-06
3440	7.25772e-06
3441	7.25169e-06
3442	7.24565e-06
3443	7.23963e-06
3444	7.23361e-06
3445	7.22759e-06
3446	7.22158e-06
3447	7.21558e-06
3448	7.20957e-06
3449	7.20358e-06
3450	7.19759e-06
3451	7.1916e-06
3452	7.18562e-06
3453	7.17965e-06
3454	7.17368e-06
3455	7.16771e-06
3456	7.16175e-06
3457	7.15579e-06
3458	7.14984e-06
3459	7.1439e-06
3460	7.13796e-06
3461	7.13202e-06
3462	7.12609e-06
3463	7.12017e-06
3464	7.11424e-06
3465	7.10833e-06
3466	7.10242e-06
3467	7.09651e-06
3468	7.09061e-06
3469	7.08472e-06
3470	7.07882e-06
3471	7.07294e-06
3472	7.06706e-06
3473	7.06118e-06
3474	7.05531e-06
3475	7.04944e-06
3476	7.04358e-06
3477	7.03773e-06
3478	7.03187e-06
3479	7.02603e-06
3480	7.02019e-06
3481	7.01435e-06
3482	7.00852e-06
3483	7.00269e-06
3484	6.99687e-06
3485	6.99105e-06
3486	6.98524e-06
3487	6.97943e-06
3488	6.97363e-06
3489	6.96783e-06
3490	6.96204e-06
3491	6.95625e-06
3492	6.95046e-06
3493	6.94468e-06
3494	6.93891e-06
3495	6.93314e-06
3496	6.92738e-06
3497	6.92162e-06
3498	6.91586e-06
3499	6.91011e-06
3500	6.90437e-06
3501	6.89863e-06
3502	6.8929e-06
3503	6.88716e-06
3504	6.88144e-06
3505	6.87572e-06
3506	6.87e-06
3507	6.86429e-06
3508	6.85858e-06
3509	6.85288e-06
3510	6.84719e-06
3511	6.84149e-06
3512	6.83581e-06
3513	6.83012e-06
3514	6.82445e-06
3515	6.81877e-06
3516	6.81311e-06
3517	6.80744e-06
3518	6.80178e-06
3519	6.79613e-06
3520	6.79048e-06
3521	6.78484e-06
3522	6.7792e-06
3523	6.77356e-06
3524	6.76793e-06
3525	6.7623e-06
3526	6.75668e-06
3527	6.75107e-06
3528	6.74546e-06
3529	6.73985e-06
3530	6.73425e-06
3531	6.72865e-06
3532	6.72306e-06
3533	6.71747e-06
3534	6.71188e-06
3535	6.70631e-06
3536	6.70073e-06
3537	6.69516e-06
3538	6.6896e-06
3539	6.68404e-06
3540	6.67848e-06
3541	6.67293e-06
3542	6.66738e-06
3543	6.66184e-06
3544	6.65631e-06
3545	6.65077e-06
3546	6.64525e-06
3547	6.63972e-06
3548	6.6342e-06
3549	6.62869e-06
3550	6.62318e-06
3551	6.61768e-06
3552	6.61218e-06
3553	6.60668e-06
3554	6.60119e-06
3555	6.59571e-06
3556	6.59022e-06
3557	6.58475e-06
3558	6.57927e-06
3559	6.57381e-06
3560	6.56834e-06
3561	6.56288e-06
3562	6.55743e-06
3563	6.55198e-06
3564	6.54654e-06
3565	6.5411e-06
3566	6.53566e-06
3567	6.53023e-06
3568	6.5248e-06
3569	6.51938e-06
3570	6.51396e-06
3571	6.50855e-06
3572	6.50314e-06
3573	6.49774e-06
3574	6.49234e-06
3575	6.48694e-06
3576	6.48155e-06
3577	6.47617e-06
3578	6.47078e-06
3579	6.46541e-06
3580	6.46003e-06
3581	6.45467e-06
3582	6.4493e-06
3583	6.44394e-06
3584	6.43859e-06
3585	6.43324e-06
3586	6.42789e-06
3587	6.42255e-06
3588	6.41722e-06
3589	6.41188e-06
3590	6.40656e-06
3591	6.40123e-06
3592	6.39591e-06
3593	6.3906e-06
3594	6.38529e-06
3595	6.37998e-06
3596	6.37468e-06
3597	6.36939e-06
3598	6.36409e-06
3599	6.35881e-06
3600	6.35352e-06
3601	6.34825e-06
3602	6.34297e-06
3603	6.3377e-06
3604	6.33244e-06
3605	6.32717e-06
3606	6.32192e-06
3607	6.31666e-06
3608	6.31142e-06
3609	6.30617e-06
3610	6.30093e-06
3611	6.2957e-06
3612	6.29047e-06
3613	6.28524e-06
3614	6.28002e-06
3615	6.2748e-06
3616	6.26959e-06
3617	6.26438e-06
3618	6.25918e-06
3619	6.25398e-06
3620	6.24878e-06
3621	6.24359e-06
3622	6.2384e-06
3623	6.23322e-06
3624	6.22804e-06
3625	6.22287e-06
3626	6.2177e-06
3627	6.21253e-06
3628	6.20737e-06
3629	6.20222e-06
3630	6.19706e-06
3631	6.19192e-06
3632	6.18677e-06
3633	6.18163e-06
3634	6.1765e-06
3635	6.17137e-06
3636	6.16624e-06
3637	6.16112e-06
3638	6.156e-06
3639	6.15089e-06
3640	6.14578e-06
3641	6.14067e-06
3642	6.13557e-06
3643	6.13048e-06
3644	6.12538e-06
3645	6.1203e-06
3646	6.11521e-06
3647	6.11013e-06
3648	6.10506e-06
3649	6.09999e-06
3650	6.09492e-06
3651	6.08986e-06
3652	6.0848e-06
3653	6.07974e-06
3654	6.0747e-06
3655	6.06965e-06
3656	6.06461e-06
3657	6.05957e-06
3658	6.05454e-06
3659	6.04951e-06
3660	6.04448e-06
3661	6.03946e-06
3662	6.03445e-06
3663	6.02944e-06
3664	6.02443e-06
3665	6.01943e-06
3666	6.01443e-06
3667	6.00943e-06
3668	6.00444e-06
3669	5.99945e-06
3670	5.99447e-06
3671	5.98949e-06
3672	5.98452e-06
3673	5.97955e-06
3674	5.97458e-06
3675	5.96962e-06
3676	5.96466e-06
3677	5.95971e-06
3678	5.95476e-06
3679	5.94981e-06
3680	5.94487e-06
3681	5.93993e-06
3682	5.935e-06
3683	5.93007e-06
3684	5.92515e-06
3685	5.92023e-06
3686	5.91531e-06
3687	5.9104e-06
3688	5.90549e-06
3689	5.90059e-06
3690	5.89569e-06
3691	5.89079e-06
3692	5.8859e-06
3693	5.88101e-06
3694	5.87613e-06
3695	5.87125e-06
3696	5.86637e-06
3697	5.8615e-06
3698	5.85663e-06
3699	5.85177e-06
3700	5.84691e-06
3701	5.84206e-06
3702	5.8372e-06
3703	5.83236e-06
3704	5.82751e-06
3705	5.82268e-06
3706	5.81784e-06
3707	5.81301e-06
3708	5.80818e-06
3709	5.80336e-06
3710	5.79854e-06
3711	5.79373e-06
3712	5.78892e-06
3713	5.78411e-06
3714	5.77931e-06
3715	5.77451e-06
3716	5.76971e-06
3717	5.76492e-06
3718	5.76014e-06
3719	5.75535e-06
3720	5.75058e-06
3721	5.7458e-06
3722	5.74103e-06
3723	5.73626e-06
3724	5.7315e-06
3725	5.72674e-06
3726	5.72199e-06
3727	5.71724e-06
3728	5.71249e-06
3729	5.70775e-06
3730	5.70301e-06
3731	5.69827e-06
3732	5.69354e-06
3733	5.68882e-06
3734	5.68409e-06
3735	5.67937e-06
3736	5.67466e-06
3737	5.66995e-06
3738	5.66524e-06
3739	5.66054e-06
3740	5.65584e-06
3741	5.65114e-06
3742	5.64645e-06
3743	5.64176e-06
3744	5.63708e-06
3745	5.6324e-06
3746	5.62772e-06
3747	5.62305e-06
3748	5.61838e-06
3749	5.61372e-06
3750	5.60906e-06
3751	5.6044e-06
3752	5.59975e-06
3753	5.5951e-06
3754	5.59046e-06
3755	5.58582e-06
3756	5.58118e-06
3757	5.57655e-06
3758	5.57192e-06
3759	5.56729e-06
3760	5.56267e-06
3761	5.55805e-06
3762	5.55344e-06
3763	5.54883e-06
3764	5.54422e-06
3765	5.53962e-06
3766	5.53502e-06
3767	5.53043e-06
3768	5.52584e-06
3769	5.52125e-06
3770	5.51667e-06
3771	5.51209e-06
3772	5.50751e-06
3773	5.50294e-06
3774	5.49838e-06
3775	5.49381e-06
3776	5.48925e-06
3777	5.48469e-06
3778	5.48014e-06
3779	5.47559e-06
3780	5.47105e-06
3781	5.46651e-06
3782	5.46197e-06
3783	5.45744e-06
3784	5.45291e-06
3785	5.44838e-06
3786	5.44386e-06
3787	5.43934e-06
3788	5.43483e-06
3789	5.43032e-06
3790	5.42581e-06
3791	5.42131e-06
3792	5.41681e-06
3793	5.41231e-06
3794	5.40782e-06
3795	5.40333e-06
3796	5.39885e-06
3797	5.39437e-06
3798	5.38989e-06
3799	5.38542e-06
3800	5.38095e-06
3801	5.37648e-06
3802	5.37202e-06
3803	5.36756e-06
3804	5.36311e-06
3805	5.35865e-06
3806	5.35421e-06
3807	5.34976e-06
3808	5.34532e-06
3809	5.34089e-06
3810	5.33646e-06
3811	5.33203e-06
3812	5.3276e-06
3813	5.32318e-06
3814	5.31876e-06
3815	5.31435e-06
3816	5.30994e-06
3817	5.30553e-06
3818	5.30113e-06
3819	5.29673e-06
3820	5.29234e-06
3821	5.28794e-06
3822	5.28356e-06
3823	5.27917e-06
3824	5.27479e-06
3825	5.27041e-06
3826	5.26604e-06
3827	5.26167e-06
3828	5.2573e-06
3829	5.25294e-06
3830	5.24858e-06
3831	5.24423e-06
3832	5.23988e-06
3833	5.23553e-06
3834	5.23118e-06
3835	5.22684e-06
3836	5.22251e-06
3837	5.21817e-06
3838	5.21384e-06
3839	5.20952e-06
3840	5.20519e-06
3841	5.20088e-06
3842	5.19656e-06
3843	5.19225e-06
3844	5.18794e-06
3845	5.18364e-06
3846	5.17933e-06
3847	5.17504e-06
3848	5.17074e-06
3849	5.16645e-06
3850	5.16217e-06
3851	5.15788e-06
3852	5.1536e-06
3853	5.14933e-06
3854	5.14506e-06
3855	5.14079e-06
3856	5.13652e-06
3857	5.13226e-06
3858	5.128e-06
3859	5.12375e-06
3860	5.1195e-06
3861	5.11525e-06
3862	5.11101e-06
3863	5.10676e-06
3864	5.10253e-06
3865	5.09829e-06
3866	5.09406e-06
3867	5.08984e-06
3868	5.08562e-06
3869	5.0814e-06
3870	5.07718e-06
3871	5.07297e-06
3872	5.06876e-06
3873	5.06456e-06
3874	5.06035e-06
3875	5.05616e-06
3876	5.05196e-06
3877	5.04777e-06
3878	5.04358e-06
3879	5.0394e-06
3880	5.03522e-06
3881	5.03104e-06
3882	5.02687e-06
3883	5.0227e-06
3884	5.01853e-06
3885	5.01437e-06
3886	5.01021e-06
3887	5.00605e-06
3888	5.0019e-06
3889	4.99775e-06
3890	4.9936e-06
3891	4.98946e-06
3892	4.98532e-06
3893	4.98119e-06
3894	4.97706e-06
3895	4.97293e-06
3896	4.9688e-06
3897	4.96468e-06
3898	4.96056e-06
3899	4.95645e-06
3900	4.95234e-06
3901	4.94823e-06
3902	4.94412e-06
3903	4.94002e-06
3904	4.93592e-06
3905	4.93183e-06
3906	4.92774e-06
3907	4.92365e-06
3908	4.91957e-06
3909	4.91549e-06
3910	4.91141e-06
3911	4.90734e-06
3912	4.90327e-06
3913	4.8992e-06
3914	4.89514e-06
3915	4.89108e-06
3916	4.88702e-06
3917	4.88297e-06
3918	4.87892e-06
3919	4.87487e-06
3920	4.87083e-06
3921	4.86679e-06
3922	4.86275e-06
3923	4.85872e-06
3924	4.85469e-06
3925	4.85066e-06
3926	4.84664e-06
3927	4.84262e-06
3928	4.8386e-06
3929	4.83459e-06
3930	4.83058e-06
3931	4.82657e-06
3932	4.82257e-06
3933	4.81857e-06
3934	4.81457e-06
3935	4.81058e-06
3936	4.80659e-06
3937	4.8026e-06
3938	4.79862e-06
3939	4.79464e-06
3940	4.79067e-06
3941	4.78669e-06
3942	4.78272e-06
3943	4.77876e-06
3944	4.77479e-06
3945	4.77083e-06
3946	4.76688e-06
3947	4.76292e-06
3948	4.75897e-06
3949	4.75503e-06
3950	4.75108e-06
3951	4.74714e-06
3952	4.74321e-06
3953	4.73927e-06
3954	4.73534e-06
3955	4.73142e-06
3956	4.72749e-06
3957	4.72357e-06
3958	4.71966e-06
3959	4.71574e-06
3960	4.71183e-06
3961	4.70793e-06
3962	4.70402e-06
3963	4.70012e-06
3964	4.69622e-06
3965	4.69233e-06
3966	4.68844e-06
3967	4.68455e-06
3968	4.68067e-06
3969	4.67678e-06
3970	4.67291e-06
3971	4.66903e-06
3972	4.66516e-06
3973	4.66129e-06
3974	4.65743e-06
3975	4.65357e-06
3976	4.64971e-06
3977	4.64585e-06
3978	4.642e-06
3979	4.63815e-06
3980	4.6343e-06
3981	4.63046e-06
3982	4.62662e-06
3983	4.62279e-06
3984	4.61895e-06
3985	4.61512e-06
3986	4.6113e-06
3987	4.60747e-06
3988	4.60365e-06
3989	4.59984e-06
3990	4.59602e-06
3991	4.59221e-06
3992	4.5884e-06
3993	4.5846e-06
3994	4.5808e-06
3995	4.577e-06
3996	4.57321e-06
3997	4.56941e-06
3998	4.56563e-06
3999	4.56184e-06
4000	4.55806e-06
4001	4.55428e-06
4002	4.5505e-06
4003	4.54673e-06
4004	4.54296e-06
4005	4.5392e-06
4006	4.53543e-06
4007	4.53167e-06
4008	4.52792e-06
4009	4.52416e-06
4010	4.52041e-06
4011	4.51666e-06
4012	4.51292e-06
4013	4.50918e-06
4014	4.50544e-06
4015	4.5017e-06
4016	4.49797e-06
4017	4.49424e-06
4018	4.49052e-06
4019	4.48679e-06
4020	4.48307e-06
4021	4.47936e-06
4022	4.47565e-06
4023	4.47193e-06
4024	4.46823e-06
4025	4.46452e-06
4026	4.46082e-06
4027	4.45712e-06
4028	4.45343e-06
4029	4.44974e-06
4030	4.44605e-06
4031	4.44236e-06
4032	4.43868e-06
4033	4.435e-06
4034	4.43133e-06
4035	4.42765e-06
4036	4.42398e-06
4037	4.42031e-06
4038	4.41665e-06
4039	4.41299e-06
4040	4.40933e-06
4041	4.40568e-06
4042	4.40202e-06
4043	4.39838e-06
4044	4.39473e-06
4045	4.39109e-06
4046	4.38745e-06
4047	4.38381e-06
4048	4.38018e-06
4049	4.37655e-06
4050	4.37292e-06
4051	4.36929e-06
4052	4.36567e-06
4053	4.36205e-06
4054	4.35844e-06
4055	4.35483e-06
4056	4.35122e-06
4057	4.34761e-06
4058	4.34401e-06
4059	4.34041e-06
4060	4.33681e-06
4061	4.33321e-06
4062	4.32962e-06
4063	4.32603e-06
4064	4.32245e-06
4065	4.31887e-06
4066	4.31529e-06
4067	4.31171e-06
4068	4.30814e-06
4069	4.30456e-06
4070	4.301e-06
4071	4.29743e-06
4072	4.29387e-06
4073	4.29031e-06
4074	4.28676e-06
4075	4.2832e-06
4076	4.27965e-06
4077	4.27611e-06
4078	4.27256e-06
4079	4.26902e-06
4080	4.26548e-06
4081	4.26195e-06
4082	4.25842e-06
4083	4.25489e-06
4084	4.25136e-06
4085	4.24784e-06
4086	4.24432e-06
4087	4.2408e-06
4088	4.23729e-06
4089	4.23377e-06
4090	4.23027e-06
4091	4.22676e-06
4092	4.22326e-06
4093	4.21976e-06
4094	4.21626e-06
4095	4.21277e-06
4096	4.20927e-06
4097	4.20579e-06
4098	4.2023e-06
4099	4.19882e-06
4100	4.19534e-06
4101	4.19186e-06
4102	4.18839e-06
4103	4.18492e-06
4104	4.18145e-06
4105	4.17799e-06
4106	4.17452e-06
4107	4.17106e-06
4108	4.16761e-06
4109	4.16415e-06
4110	4.1607e-06
4111	4.15726e-06
4112	4.15381e-06
4113	4.15037e-06
4114	4.14693e-06
4115	4.14349e-06
4116	4.14006e-06
4117	4.13663e-06
4118	4.1332e-06
4119	4.12978e-06
4120	4.12635e-06
4121	4.12294e-06
4122	4.11952e-06
4123	4.11611e-06
4124	4.11269e-06
4125	4.10929e-06
4126	4.10588e-06
4127	4.10248e-06
4128	4.09908e-06
4129	4.09568e-06
4130	4.09229e-06
4131	4.0889e-06
4132	4.08551e-06
4133	4.08213e-06
4134	4.07874e-06
4135	4.07537e-06
4136	4.07199e-06
4137	4.06861e-06
4138	4.06524e-06
4139	4.06188e-06
4140	4.05851e-06
4141	4.05515e-06
4142	4.05179e-06
4143	4.04843e-06
4144	4.04508e-06
4145	4.04172e-06
4146	4.03838e-06
4147	4.03503e-06
4148	4.03169e-06
4149	4.02835e-06
4150	4.02501e-06
4151	4.02167e-06
4152	4.01834e-06
4153	4.01501e-06
4154	4.01169e-06
4155	4.00836e-06
4156	4.00504e-06
4157	4.00172e-06
4158	3.99841e-06
4159	3.9951e-06
4160	3.99179e-06
4161	3.98848e-06
4162	3.98518e-06
4163	3.98187e-06
4164	3.97858e-06
4165	3.97528e-06
4166	3.97199e-06
4167	3.9687e-06
4168	3.96541e-06
4169	3.96212e-06
4170	3.95884e-06
4171	3.95556e-06
4172	3.95228e-06
4173	3.94901e-06
4174	3.94574e-06
4175	3.94247e-06
4176	3.9392e-06
4177	3.93594e-06
4178	3.93268e-06
4179	3.92942e-06
4180	3.92617e-06
4181	3.92291e-06
4182	3.91966e-06
4183	3.91642e-06
4184	3.91317e-06
4185	3.90993e-06
4186	3.90669e-06
4187	3.90346e-06
4188	3.90022e-06
4189	3.89699e-06
4190	3.89376e-06
4191	3.89054e-06
4192	3.88732e-06
4193	3.8841e-06
4194	3.88088e-06
4195	3.87766e-06
4196	3.87445e-06
4197	3.87124e-06
4198	3.86804e-06
4199	3.86483e-06
4200	3.86163e-06
4201	3.85843e-06
4202	3.85524e-06
4203	3.85204e-06
4204	3.84885e-06
4205	3.84566e-06
4206	3.84248e-06
4207	3.8393e-06
4208	3.83612e-06
4209	3.83294e-06
4210	3.82976e-06
4211	3.82659e-06
4212	3.82342e-06
4213	3.82025e-06
4214	3.81709e-06
4215	3.81393e-06
4216	3.81077e-06
4217	3.80761e-06
4218	3.80446e-06
4219	3.80131e-06
4220	3.79816e-06
4221	3.79501e-06
4222	3.79187e-06
4223	3.78873e-06
4224	3.78559e-06
4225	3.78246e-06
4226	3.77932e-06
4227	3.77619e-06
4228	3.77307e-06
4229	3.76994e-06
4230	3.76682e-06
4231	3.7637e-06
4232	3.76058e-06
4233	3.75747e-06
4234	3.75436e-06
4235	3.75125e-06
4236	3.74814e-06
4237	3.74504e-06
4238	3.74193e-06
4239	3.73884e-06
4240	3.73574e-06
4241	3.73265e-06
4242	3.72955e-06
4243	3.72647e-06
4244	3.72338e-06
4245	3.7203e-06
4246	3.71721e-06
4247	3.71414e-06
4248	3.71106e-06
4249	3.70799e-06
4250	3.70492e-06
4251	3.70185e-06
4252	3.69878e-06
4253	3.69572e-06
4254	3.69266e-06
4255	3.6896e-06
4256	3.68654e-06
4257	3.68349e-06
4258	3.68044e-06
4259	3.67739e-06
4260	3.67435e-06
4261	3.67131e-06
4262	3.66827e-06
4263	3.66523e-06
4264	3.66219e-06
4265	3.65916e-06
4266	3.65613e-06
4267	3.6531e-06
4268	3.65008e-06
4269	3.64705e-06
4270	3.64403e-06
4271	3.64102e-06
4272	3.638e-06
4273	3.63499e-06
4274	3.63198e-06
4275	3.62897e-06
4276	3.62597e-06
4277	3.62296e-06
4278	3.61996e-06
4279	3.61697e-06
4280	3.61397e-06
4281	3.61098e-06
4282	3.60799e-06
4283	3.605e-06
4284	3.60202e-06
4285	3.59903e-06
4286	3.59605e-06
4287	3.59308e-06
4288	3.5901e-06
4289	3.58713e-06
4290	3.58416e-06
4291	3.58119e-06
4292	3.57823e-06
4293	3.57526e-06
4294	3.5723e-06
4295	3.56934e-06
4296	3.56639e-06
4297	3.56344e-06
4298	3.56049e-06
4299	3.55754e-06
4300	3.55459e-06
4301	3.55165e-06
4302	3.54871e-06
4303	3.54577e-06
4304	3.54283e-06
4305	3.5399e-06
4306	3.53697e-06
4307	3.53404e-06
4308	3.53112e-06
4309	3.52819e-06
4310	3.52527e-06
4311	3.52235e-06
4312	3.51944e-06
4313	3.51652e-06
4314	3.51361e-06
4315	3.5107e-06
4316	3.5078e-06
4317	3.50489e-06
4318	3.50199e-06
4319	3.49909e-06
4320	3.49619e-06
4321	3.4933e-06
4322	3.49041e-06
4323	3.48752e-06
4324	3.48463e-06
4325	3.48174e-06
4326	3.47886e-06
4327	3.47598e-06
4328	3.4731e-06
4329	3.47023e-06
4330	3.46736e-06
4331	3.46449e-06
4332	3.46162e-06
4333	3.45875e-06
4334	3.45589e-06
4335	3.45303e-06
4336	3.45017e-06
4337	3.44731e-06
4338	3.44446e-06
4339	3.44161e-06
4340	3.43876e-06
4341	3.43591e-06
4342	3.43307e-06
4343	3.43022e-06
4344	3.42738e-06
4345	3.42455e-06
4346	3.42171e-06
4347	3.41888e-06
4348	3.41605e-06
4349	3.41322e-06
4350	3.4104e-06
4351	3.40757e-06
4352	3.40475e-06
4353	3.40193e-06
4354	3.39912e-06
4355	3.3963e-06
4356	3.39349e-06
4357	3.39068e-06
4358	3.38788e-06
4359	3.38507e-06
4360	3.38227e-06
4361	3.37947e-06
4362	3.37667e-06
4363	3.37388e-06
4364	3.37109e-06
4365	3.36829e-06
4366	3.36551e-06
4367	3.36272e-06
4368	3.35994e-06
4369	3.35716e-06
4370	3.35438e-06
4371	3.3516e-06
4372	3.34883e-06
4373	3.34605e-06
4374	3.34328e-06
4375	3.34052e-06
4376	3.33775e-06
4377	3.33499e-06
4378	3.33223e-06
4379	3.32947e-06
4380	3.32672e-06
4381	3.32396e-06
4382	3.32121e-06
4383	3.31846e-06
4384	3.31571e-06
4385	3.31297e-06
4386	3.31023e-06
4387	3.30749e-06
4388	3.30475e-06
4389	3.30202e-06
4390	3.29928e-06
4391	3.29655e-06
4392	3.29382e-06
4393	3.2911e-06
4394	3.28837e-06
4395	3.28565e-06
4396	3.28293e-06
4397	3.28021e-06
4398	3.2775e-06
4399	3.27479e-06
4400	3.27208e-06
4401	3.26937e-06
4402	3.26666e-06
4403	3.26396e-06
4404	3.26126e-06
4405	3.25856e-06
4406	3.25586e-06
4407	3.25317e-06
4408	3.25047e-06
4409	3.24778e-06
4410	3.2451e-06
4411	3.24241e-06
4412	3.23973e-06
4413	3.23705e-06
4414	3.23437e-06
4415	3.23169e-06
4416	3.22902e-06
4417	3.22634e-06
4418	3.22367e-06
4419	3.22101e-06
4420	3.21834e-06
4421	3.21568e-06
4422	3.21302e-06
4423	3.21036e-06
4424	3.2077e-06
4425	3.20505e-06
4426	3.20239e-06
4427	3.19974e-06
4428	3.19709e-06
4429	3.19445e-06
4430	3.19181e-06
4431	3.18916e-06
4432	3.18652e-06
4433	3.18389e-06
4434	3.18125e-06
4435	3.17862e-06
4436	3.17599e-06
4437	3.17336e-06
4438	3.17074e-06
4439	3.16811e-06
4440	3.16549e-06
4441	3.16287e-06
4442	3.16025e-06
4443	3.15764e-06
4444	3.15502e-06
4445	3.15241e-06
4446	3.14981e-06
4447	3.1472e-06
4448	3.14459e-06
4449	3.14199e-06
4450	3.13939e-06
4451	3.13679e-06
4452	3.1342e-06
4453	3.13161e-06
4454	3.12901e-06
4455	3.12642e-06
4456	3.12384e-06
4457	3.12125e-06
4458	3.11867e-06
4459	3.11609e-06
4460	3.11351e-06
4461	3.11093e-06
4462	3.10836e-06
4463	3.10579e-06
4464	3.10322e-06
4465	3.10065e-06
4466	3.09809e-06
4467	3.09552e-06
4468	3.09296e-06
4469	3.0904e-06
4470	3.08784e-06
4471	3.08529e-06
4472	3.08274e-06
4473	3.08019e-06
4474	3.07764e-06
4475	3.07509e-06
4476	3.07255e-06
4477	3.07e-06
4478	3.06746e-06
4479	3.06493e-06
4480	3.06239e-06
4481	3.05986e-06
4482	3.05732e-06
4483	3.05479e-06
4484	3.05227e-06
4485	3.04974e-06
4486	3.04722e-06
4487	3.0447e-06
4488	3.04218e-06
4489	3.03966e-06
4490	3.03715e-06
4491	3.03463e-06
4492	3.03212e-06
4493	3.02961e-06
4494	3.02711e-06
4495	3.0246e-06
4496	3.0221e-06
4497	3.0196e-06
4498	3.0171e-06
4499	3.01461e-06
4500	3.01211e-06
4501	3.00962e-06
4502	3.00713e-06
4503	3.00464e-06
4504	3.00216e-06
4505	2.99967e-06
4506	2.99719e-06
4507	2.99471e-06
4508	2.99223e-06
4509	2.98976e-06
4510	2.98728e-06
4511	2.98481e-06
4512	2.98234e-06
4513	2.97988e-06
4514	2.97741e-06
4515	2.97495e-06
4516	2.97249e-06
4517	2.97003e-06
4518	2.96757e-06
4519	2.96511e-06
4520	2.96266e-06
4521	2.96021e-06
4522	2.95776e-06
4523	2.95531e-06
4524	2.95287e-06
4525	2.95043e-06
4526	2.94799e-06
4527	2.94555e-06
4528	2.94311e-06
4529	2.94068e-06
4530	2.93824e-06
4531	2.93581e-06
4532	2.93338e-06
4533	2.93096e-06
4534	2.92853e-06
4535	2.92611e-06
4536	2.92369e-06
4537	2.92127e-06
4538	2.91885e-06
4539	2.91644e-06
4540	2.91403e-06
4541	2.91162e-06
4542	2.90921e-06
4543	2.9068e-06
4544	2.9044e-06
4545	2.90199e-06
4546	2.89959e-06
4547	2.8972e-06
4548	2.8948e-06
4549	2.8924e-06
4550	2.89001e-06
4551	2.88762e-06
4552	2.88523e-06
4553	2.88285e-06
4554	2.88046e-06
4555	2.87808e-06
4556	2.8757e-06
4557	2.87332e-06
4558	2.87094e-06
4559	2.86857e-06
4560	2.86619e-06
4561	2.86382e-06
4562	2.86145e-06
4563	2.85909e-06
4564	2.85672e-06
4565	2.85436e-06
4566	2.852e-06
4567	2.84964e-06
4568	2.84728e-06
4569	2.84493e-06
4570	2.84257e-06
4571	2.84022e-06
4572	2.83787e-06
4573	2.83553e-06
4574	2.83318e-06
4575	2.83084e-06
4576	2.8285e-06
4577	2.82616e-06
4578	2.82382e-06
4579	2.82148e-06
4580	2.81915e-06
4581	2.81682e-06
4582	2.81449e-06
4583	2.81216e-06
4584	2.80984e-06
4585	2.80751e-06
4586	2.80519e-06
4587	2.80287e-06
4588	2.80055e-06
4589	2.79823e-06
4590	2.79592e-06
4591	2.79361e-06
4592	2.7913e-06
4593	2.78899e-06
4594	2.78668e-06
4595	2.78438e-06
4596	2.78207e-06
4597	2.77977e-06
4598	2.77747e-06
4599	2.77518e-06
4600	2.77288e-06
4601	2.77059e-06
4602	2.7683e-06
4603	2.76601e-06
4604	2.76372e-06
4605	2.76143e-06
4606	2.75915e-06
4607	2.75687e-06
4608	2.75459e-06
4609	2.75231e-06
4610	2.75003e-06
4611	2.74776e-06
4612	2.74549e-06
4613	2.74322e-06
4614	2.74095e-06
4615	2.73868e-06
4616	2.73642e-06
4617	2.73415e-06
4618	2.73189e-06
4619	2.72963e-06
4620	2.72738e-06
4621	2.72512e-06
4622	2.72287e-06
4623	2.72061e-06
4624	2.71836e-06
4625	2.71612e-06
4626	2.71387e-06
4627	2.71163e-06
4628	2.70938e-06
4629	2.70714e-06
4630	2.7049e-06
4631	2.70267e-06
4632	2.70043e-06
4633	2.6982e-06
4634	2.69597e-06
4635	2.69374e-06
4636	2.69151e-06
4637	2.68928e-06
4638	2.68706e-06
4639	2.68484e-06
4640	2.68262e-06
4641	2.6804e-06
4642	2.67818e-06
4643	2.67597e-06
4644	2.67376e-06
4645	2.67154e-06
4646	2.66934e-06
4647	2.66713e-06
4648	2.66492e-06
4649	2.66272e-06
4650	2.66052e-06
4651	2.65832e-06
4652	2.65612e-06
4653	2.65392e-06
4654	2.65173e-06
4655	2.64954e-06
4656	2.64734e-06
4657	2.64516e-06
4658	2.64297e-06
4659	2.64078e-06
4660	2.6386e-06
4661	2.63642e-06
4662	2.63424e-06
4663	2.63206e-06
4664	2.62988e-06
4665	2.62771e-06
4666	2.62554e-06
4667	2.62336e-06
4668	2.6212e-06
4669	2.61903e-06
4670	2.61686e-06
4671	2.6147e-06
4672	2.61254e-06
4673	2.61038e-06
4674	2.60822e-06
4675	2.60606e-06
4676	2.60391e-06
4677	2.60175e-06
4678	2.5996e-06
4679	2.59745e-06
4680	2.5953e-06
4681	2.59316e-06
4682	2.59101e-06
4683	2.58887e-06
4684	2.58673e-06
4685	2.58459e-06
4686	2.58246e-06
4687	2.58032e-06
4688	2.57819e-06
4689	2.57606e-06
4690	2.57393e-06
4691	2.5718e-06
4692	2.56967e-06
4693	2.56755e-06
4694	2.56542e-06
4695	2.5633e-06
4696	2.56118e-06
4697	2.55907e-06
4698	2.55695e-06
4699	2.55484e-06
4700	2.55272e-06
4701	2.55061e-06
4702	2.5485e-06
4703	2.5464e-06
4704	2.54429e-06
4705	2.54219e-06
4706	2.54009e-06
4707	2.53799e-06
4708	2.53589e-06
4709	2.53379e-06
4710	2.5317e-06
4711	2.5296e-06
4712	2.52751e-06
4713	2.52542e-06
4714	2.52333e-06
4715	2.52125e-06
4716	2.51916e-06
4717	2.51708e-06
4718	2.515e-06
4719	2.51292e-06
4720	2.51084e-06
4721	2.50877e-06
4722	2.50669e-06
4723	2.50462e-06
4724	2.50255e-06
4725	2.50048e-06
4726	2.49841e-06
4727	2.49635e-06
4728	2.49429e-06
4729	2.49222e-06
4730	2.49016e-06
4731	2.4881e-06
4732	2.48605e-06
4733	2.48399e-06
4734	2.48194e-06
4735	2.47989e-06
4736	2.47784e-06
4737	2.47579e-06
4738	2.47374e-06
4739	2.4717e-06
4740	2.46965e-06
4741	2.46761e-06
4742	2.46557e-06
4743	2.46353e-06
4744	2.4615e-06
4745	2.45946e-06
4746	2.45743e-06
4747	2.4554e-06
4748	2.45337e-06
4749	2.45134e-06
4750	2.44931e-06
4751	2.44729e-06
4752	2.44527e-06
4753	2.44324e-06
4754	2.44122e-06
4755	2.43921e-06
4756	2.43719e-06
4757	2.43518e-06
4758	2.43316e-06
4759	2.43115e-06
4760	2.42914e-06
4761	2.42713e-06
4762	2.42513e-06
4763	2.42312e-06
4764	2.42112e-06
4765	2.41912e-06
4766	2.41712e-06
4767	2.41512e-06
4768	2.41312e-06
4769	2.41113e-06
4770	2.40914e-06
4771	2.40714e-06
4772	2.40516e-06
4773	2.40317e-06
4774	2.40118e-06
4775	2.3992e-06
4776	2.39721e-06
4777	2.39523e-06
4778	2.39325e-06
4779	2.39127e-06
4780	2.3893e-06
4781	2.38732e-06
4782	2.38535e-06
4783	2.38338e-06
4784	2.38141e-06
4785	2.37944e-06
4786	2.37747e-06
4787	2.37551e-06
4788	2.37354e-06
4789	2.37158e-06
4790	2.36962e-06
4791	2.36766e-06
4792	2.3657e-06
4793	2.36375e-06
4794	2.3618e-06
4795	2.35984e-06
4796	2.35789e-06
4797	2.35594e-06
4798	2.354e-06
4799	2.35205e-06
4800	2.35011e-06
4801	2.34816e-06
4802	2.34622e-06
4803	2.34428e-06
4804	2.34235e-06
4805	2.34041e-06
4806	2.33848e-06
4807	2.33654e-06
4808	2.33461e-06
4809	2.33268e-06
4810	2.33076e-06
4811	2.32883e-06
4812	2.3269e-06
4813	2.32498e-06
4814	2.32306e-06
4815	2.32114e-06
4816	2.31922e-06
4817	2.3173e-06
4818	2.31539e-06
4819	2.31347e-06
4820	2.31156e-06
4821	2.30965e-06
4822	2.30774e-06
4823	2.30584e-06
4824	2.30393e-06
4825	2.30203e-06
4826	2.30012e-06
4827	2.29822e-06
4828	2.29632e-06
4829	2.29443e-06
4830	2.29253e-06
4831	2.29063e-06
4832	2.28874e-06
4833	2.28685e-06
4834	2.28496e-06
4835	2.28307e-06
4836	2.28118e-06
4837	2.2793e-06
4838	2.27742e-06
4839	2.27553e-06
4840	2.27365e-06
4841	2.27177e-06
4842	2.2699e-06
4843	2.26802e-06
4844	2.26615e-06
4845	2.26427e-06
4846	2.2624e-06
4847	2.26053e-06
4848	2.25866e-06
4849	2.2568e-06
4850	2.25493e-06
4851	2.25307e-06
4852	2.25121e-06
4853	2.24935e-06
4854	2.24749e-06
4855	2.24563e-06
4856	2.24377e-06
4857	2.24192e-06
4858	2.24007e-06
4859	2.23822e-06
4860	2.23637e-06
4861	2.23452e-06
4862	2.23267e-06
4863	2.23083e-06
4864	2.22898e-06
4865	2.22714e-06
4866	2.2253e-06
4867	2.22346e-06
4868	2.22163e-06
4869	2.21979e-06
4870	2.21795e-06
4871	2.21612e-06
4872	2.21429e-06
4873	2.21246e-06
4874	2.21063e-06
4875	2.20881e-06
4876	2.20698e-06
4877	2.20516e-06
4878	2.20333e-06
4879	2.20151e-06
4880	2.19969e-06
4881	2.19788e-06
4882	2.19606e-06
4883	2.19425e-06
4884	2.19243e-06
4885	2.19062e-06
4886	2.18881e-06
4887	2.187e-06
4888	2.1852e-06
4889	2.18339e-06
4890	2.18159e-06
4891	2.17978e-06
4892	2.17798e-06
4893	2.17618e-06
4894	2.17438e-06
4895	2.17259e-06
4896	2.17079e-06
4897	2.169e-06
4898	2.16721e-06
4899	2.16541e-06
4900	2.16363e-06
4901	2.16184e-06
4902	2.16005e-06
4903	2.15827e-06
4904	2.15648e-06
4905	2.1547e-06
4906	2.15292e-06
4907	2.15114e-06
4908	2.14936e-06
4909	2.14759e-06
4910	2.14581e-06
4911	2.14404e-06
4912	2.14227e-06
4913	2.1405e-06
4914	2.13873e-06
4915	2.13696e-06
4916	2.1352e-06
4917	2.13343e-06
4918	2.13167e-06
4919	2.12991e-06
4920	2.12815e-06
4921	2.12639e-06
4922	2.12463e-06
4923	2.12288e-06
4924	2.12113e-06
4925	2.11937e-06
4926	2.11762e-06
4927	2.11587e-06
4928	2.11412e-06
4929	2.11238e-06
4930	2.11063e-06
4931	2.10889e-06
4932	2.10715e-06
4933	2.1054e-06
4934	2.10366e-06
4935	2.10193e-06
4936	2.10019e-06
4937	2.09845e-06
4938	2.09672e-06
4939	2.09499e-06
4940	2.09326e-06
4941	2.09153e-06
4942	2.0898e-06
4943	2.08807e-06
4944	2.08635e-06
4945	2.08462e-06
4946	2.0829e-06
4947	2.08118e-06
4948	2.07946e-06
4949	2.07774e-06
4950	2.07603e-06
4951	2.07431e-06
4952	2.0726e-06
4953	2.07089e-06
4954	2.06918e-06
4955	2.06747e-06
4956	2.06576e-06
4957	2.06405e-06
4958	2.06235e-06
4959	2.06064e-06
4960	2.05894e-06
4961	2.05724e-06
4962	2.05554e-06
4963	2.05384e-06
4964	2.05214e-06
4965	2.05045e-06
4966	2.04875e-06
4967	2.04706e-06
4968	2.04537e-06
4969	2.04368e-06
4970	2.04199e-06
4971	2.04031e-06
4972	2.03862e-06
4973	2.03694e-06
4974	2.03525e-06
4975	2.03357e-06
4976	2.03189e-06
4977	2.03021e-06
4978	2.02854e-06
4979	2.02686e-06
4980	2.02519e-06
4981	2.02351e-06
4982	2.02184e-06
4983	2.02017e-06
4984	2.0185e-06
4985	2.01683e-06
4986	2.01517e-06
4987	2.0135e-06
4988	2.01184e-06
4989	2.01018e-06
4990	2.00852e-06
4991	2.00686e-06
4992	2.0052e-06
4993	2.00354e-06
4994	2.00189e-06
4995	2.00024e-06
4996	1.99858e-06
4997	1.99693e-06
4998	1.99528e-06
4999	1.99363e-06
5000	1.99199e-06
5001	1.99034e-06
5002	1.9887e-06
5003	1.98705e-06
5004	1.98541e-06
5005	1.98377e-06
5006	1.98213e-06
5007	1.9805e-06
5008	1.97886e-06
5009	1.97723e-06
5010	1.97559e-06
5011	1.97396e-06
5012	1.97233e-06
5013	1.9707e-06
5014	1.96907e-06
5015	1.96745e-06
5016	1.96582e-06
5017	1.9642e-06
5018	1.96258e-06
5019	1.96095e-06
5020	1.95933e-06
5021	1.95772e-06
5022	1.9561e-06
5023	1.95448e-06
5024	1.95287e-06
5025	1.95126e-06
5026	1.94964e-06
5027	1.94803e-06
5028	1.94642e-06
5029	1.94482e-06
5030	1.94321e-06
5031	1.9416e-06
5032	1.94e-06
5033	1.9384e-06
5034	1.9368e-06
5035	1.9352e-06
5036	1.9336e-06
5037	1.932e-06
5038	1.93041e-06
5039	1.92881e-06
5040	1.92722e-06
5041	1.92563e-06
5042	1.92404e-06
5043	1.92245e-06
5044	1.92086e-06
5045	1.91927e-06
5046	1.91769e-06
5047	1.9161e-06
5048	1.91452e-06
5049	1.91294e-06
5050	1.91136e-06
5051	1.90978e-06
5052	1.9082e-06
5053	1.90663e-06
5054	1.90505e-06
5055	1.90348e-06
5056	1.90191e-06
5057	1.90034e-06
5058	1.89877e-06
5059	1.8972e-06
5060	1.89563e-06
5061	1.89406e-06
5062	1.8925e-06
5063	1.89094e-06
5064	1.88938e-06
5065	1.88782e-06
5066	1.88626e-06
5067	1.8847e-06
5068	1.88314e-06
5069	1.88159e-06
5070	1.88003e-06
5071	1.87848e-06
5072	1.87693e-06
5073	1.87538e-06
5074	1.87383e-06
5075	1.87228e-06
5076	1.87073e-06
5077	1.86919e-06
5078	1.86765e-06
5079	1.8661e-06
5080	1.86456e-06
5081	1.86302e-06
5082	1.86148e-06
5083	1.85995e-06
5084	1.85841e-06
5085	1.85687e-06
5086	1.85534e-06
5087	1.85381e-06
5088	1.85228e-06
5089	1.85075e-06
5090	1.84922e-06
5091	1.84769e-06
5092	1.84617e-06
5093	1.84464e-06
5094	1.84312e-06
5095	1.8416e-06
5096	1.84008e-06
5097	1.83856e-06
5098	1.83704e-06
5099	1.83552e-06
5100	1.834e-06
5101	1.83249e-06
5102	1.83098e-06
5103	1.82946e-06
5104	1.82795e-06
5105	1.82644e-06
5106	1.82493e-06
5107	1.82343e-06
5108	1.82192e-06
5109	1.82042e-06
5110	1.81891e-06
5111	1.81741e-06
5112	1.81591e-06
5113	1.81441e-06
5114	1.81291e-06
5115	1.81142e-06
5116	1.80992e-06
5117	1.80843e-06
5118	1.80693e-06
5119	1.80544e-06
5120	1.80395e-06
5121	1.80246e-06
5122	1.80097e-06
5123	1.79948e-06
5124	1.798e-06
5125	1.79651e-06
5126	1.79503e-06
5127	1.79355e-06
5128	1.79206e-06
5129	1.79058e-06
5130	1.78911e-06
5131	1.78763e-06
5132	1.78615e-06
5133	1.78468e-06
5134	1.7832e-06
5135	1.78173e-06
5136	1.78026e-06
5137	1.77879e-06
5138	1.77732e-06
5139	1.77585e-06
5140	1.77439e-06
5141	1.77292e-06
5142	1.77146e-06
5143	1.76999e-06
5144	1.76853e-06
5145	1.76707e-06
5146	1.76561e-06
5147	1.76416e-06
5148	1.7627e-06
5149	1.76124e-06
5150	1.75979e-06
5151	1.75834e-06
5152	1.75688e-06
5153	1.75543e-06
5154	1.75398e-06
5155	1.75253e-06
5156	1.75109e-06
5157	1.74964e-06
5158	1.7482e-06
5159	1.74675e-06
5160	1.74531e-06
5161	1.74387e-06
5162	1.74243e-06
5163	1.74099e-06
5164	1.73955e-06
5165	1.73812e-06
5166	1.73668e-06
5167	1.73525e-06
5168	1.73381e-06
5169	1.73238e-06
5170	1.73095e-06
5171	1.72952e-06
5172	1.72809e-06
5173	1.72667e-06
5174	1.72524e-06
5175	1.72382e-06
5176	1.72239e-06
5177	1.72097e-06
5178	1.71955e-06
5179	1.71813e-06
5180	1.71671e-06
5181	1.7153e-06
5182	1.71388e-06
5183	1.71246e-06
5184	1.71105e-06
5185	1.70964e-06
5186	1.70823e-06
5187	1.70681e-06
5188	1.70541e-06
5189	1.704e-06
5190	1.70259e-06
5191	1.70118e-06
5192	1.69978e-06
5193	1.69838e-06
5194	1.69697e-06
5195	1.69557e-06
5196	1.69417e-06
5197	1.69277e-06
5198	1.69138e-06
5199	1.68998e-06
5200	1.68858e-06
5201	1.68719e-06
5202	1.6858e-06
5203	1.68441e-06
5204	1.68301e-06
5205	1.68162e-06
5206	1.68024e-06
5207	1.67885e-06
5208	1.67746e-06
5209	1.67608e-06
5210	1.67469e-06
5211	1.67331e-06
5212	1.67193e-06
5213	1.67055e-06
5214	1.66917e-06
5215	1.66779e-06
5216	1.66641e-06
5217	1.66504e-06
5218	1.66366e-06
5219	1.66229e-06
5220	1.66092e-06
5221	1.65955e-06
5222	1.65818e-06
5223	1.65681e-06
5224	1.65544e-06
5225	1.65407e-06
5226	1.65271e-06
5227	1.65134e-06
5228	1.64998e-06
5229	1.64862e-06
5230	1.64726e-06
5231	1.6459e-06
5232	1.64454e-06
5233	1.64318e-06
5234	1.64182e-06
5235	1.64047e-06
5236	1.63911e-06
5237	1.63776e-06
5238	1.63641e-06
5239	1.63506e-06
5240	1.63371e-06
5241	1.63236e-06
5242	1.63101e-06
5243	1.62966e-06
5244	1.62832e-06
5245	1.62697e-06
5246	1.62563e-06
5247	1.62429e-06
5248	1.62295e-06
5249	1.62161e-06
5250	1.62027e-06
5251	1.61893e-06
5252	1.61759e-06
5253	1.61626e-06
5254	1.61492e-06
5255	1.61359e-06
5256	1.61226e-06
5257	1.61093e-06
5258	1.6096e-06
5259	1.60827e-06
5260	1.60694e-06
5261	1.60562e-06
5262	1.60429e-06
5263	1.60297e-06
5264	1.60164e-06
5265	1.60032e-06
5266	1.599e-06
5267	1.59768e-06
5268	1.59636e-06
5269	1.59504e-06
5270	1.59372e-06
5271	1.59241e-06
5272	1.59109e-06
5273	1.58978e-06
5274	1.58847e-06
5275	1.58716e-06
5276	1.58585e-06
5277	1.58454e-06
5278	1.58323e-06
5279	1.58192e-06
5280	1.58062e-06
5281	1.57931e-06
5282	1.57801e-06
5283	1.57671e-06
5284	1.5754e-06
5285	1.5741e-06
5286	1.5728e-06
5287	1.57151e-06
5288	1.57021e-06
5289	1.56891e-06
5290	1.56762e-06
5291	1.56632e-06
5292	1.56503e-06
5293	1.56374e-06
5294	1.56245e-06
5295	1.56116e-06
5296	1.55987e-06
5297	1.55858e-06
5298	1.55729e-06
5299	1.55601e-06
5300	1.55472e-06
5301	1.55344e-06
5302	1.55216e-06
5303	1.55088e-06
5304	1.5496e-06
5305	1.54832e-06
5306	1.54704e-06
5307	1.54576e-06
5308	1.54449e-06
5309	1.54321e-06
5310	1.54194e-06
5311	1.54066e-06
5312	1.53939e-06
5313	1.53812e-06
5314	1.53685e-06
5315	1.53558e-06
5316	1.53432e-06
5317	1.53305e-06
5318	1.53178e-06
5319	1.53052e-06
5320	1.52926e-06
5321	1.52799e-06
5322	1.52673e-06
5323	1.52547e-06
5324	1.52421e-06
5325	1.52296e-06
5326	1.5217e-06
5327	1.52044e-06
5328	1.51919e-06
5329	1.51793e-06
5330	1.51668e-06
5331	1.51543e-06
5332	1.51418e-06
5333	1.51293e-06
5334	1.51168e-06
5335	1.51043e-06
5336	1.50918e-06
5337	1.50794e-06
5338	1.50669e-06
5339	1.50545e-06
5340	1.50421e-06
5341	1.50297e-06
5342	1.50173e-06
5343	1.50049e-06
5344	1.49925e-06
5345	1.49801e-06
5346	1.49677e-06
5347	1.49554e-06
5348	1.4943e-06
5349	1.49307e-06
5350	1.49184e-06
5351	1.49061e-06
5352	1.48938e-06
5353	1.48815e-06
5354	1.48692e-06
5355	1.48569e-06
5356	1.48446e-06
5357	1.48324e-06
5358	1.48201e-06
5359	1.48079e-06
5360	1.47957e-06
5361	1.47835e-06
5362	1.47713e-06
5363	1.47591e-06
5364	1.47469e-06
5365	1.47347e-06
5366	1.47226e-06
5367	1.47104e-06
5368	1.46983e-06
5369	1.46861e-06
5370	1.4674e-06
5371	1.46619e-06
5372	1.46498e-06
5373	1.46377e-06
5374	1.46256e-06
5375	1.46136e-06
5376	1.46015e-06
5377	1.45895e-06
5378	1.45774e-06
5379	1.45654e-06
5380	1.45534e-06
5381	1.45413e-06
5382	1.45293e-06
5383	1.45174e-06
5384	1.45054e-06
5385	1.44934e-06
5386	1.44814e-06
5387	1.44695e-06
5388	1.44575e-06
5389	1.44456e-06
5390	1.44337e-06
5391	1.44218e-06
5392	1.44099e-06
5393	1.4398e-06
5394	1.43861e-06
5395	1.43742e-06
5396	1.43624e-06
5397	1.43505e-06
5398	1.43387e-06
5399	1.43268e-06
5400	1.4315e-06
5401	1.43032e-06
5402	1.42914e-06
5403	1.42796e-06
5404	1.42678e-06
5405	1.4256e-06
5406	1.42443e-06
5407	1.42325e-06
5408	1.42208e-06
5409	1.4209e-06
5410	1.41973e-06
5411	1.41856e-06
5412	1.41739e-06
5413	1.41622e-06
5414	1.41505e-06
5415	1.41388e-06
5416	1.41271e-06
5417	1.41155e-06
5418	1.41038e-06
5419	1.40922e-06
5420	1.40806e-06
5421	1.40689e-06
5422	1.40573e-06
5423	1.40457e-06
5424	1.40341e-06
5425	1.40226e-06
5426	1.4011e-06
5427	1.39994e-06
5428	1.39879e-06
5429	1.39763e-06
5430	1.39648e-06
5431	1.39533e-06
5432	1.39417e-06
5433	1.39302e-06
5434	1.39187e-06
5435	1.39073e-06
5436	1.38958e-06
5437	1.38843e-06
5438	1.38729e-06
5439	1.38614e-06
5440	1.385e-06
5441	1.38385e-06
5442	1.38271e-06
5443	1.38157e-06
5444	1.38043e-06
5445	1.37929e-06
5446	1.37815e-06
5447	1.37702e-06
5448	1.37588e-06
5449	1.37474e-06
5450	1.37361e-06
5451	1.37248e-06
5452	1.37134e-06
5453	1.37021e-06
5454	1.36908e-06
5455	1.36795e-06
5456	1.36682e-06
5457	1.36569e-06
5458	1.36457e-06
5459	1.36344e-06
5460	1.36232e-06
5461	1.36119e-06
5462	1.36007e-06
5463	1.35895e-06
5464	1.35782e-06
5465	1.3567e-06
5466	1.35558e-06
5467	1.35447e-06
5468	1.35335e-06
5469	1.35223e-06
5470	1.35112e-06
5471	1.35e-06
5472	1.34889e-06
5473	1.34777e-06
5474	1.34666e-06
5475	1.34555e-06
5476	1.34444e-06
5477	1.34333e-06
5478	1.34222e-06
5479	1.34111e-06
5480	1.34001e-06
5481	1.3389e-06
5482	1.3378e-06
5483	1.33669e-06
5484	1.33559e-06
5485	1.33449e-06
5486	1.33339e-06
5487	1.33229e-06
5488	1.33119e-06
5489	1.33009e-06
5490	1.32899e-06
5491	1.32789e-06
5492	1.3268e-06
5493	1.3257e-06
5494	1.32461e-06
5495	1.32352e-06
5496	1.32242e-06
5497	1.32133e-06
5498	1.32024e-06
5499	1.31915e-06
5500	1.31806e-06
5501	1.31698e-06
5502	1.31589e-06
5503	1.3148e-06
5504	1.31372e-06
5505	1.31264e-06
5506	1.31155e-06
5507	1.31047e-06
5508	1.30939e-06
5509	1.30831e-06
5510	1.30723e-06
5511	1.30615e-06
5512	1.30507e-06
5513	1.304e-06
5514	1.30292e-06
5515	1.30184e-06
5516	1.30077e-06
5517	1.2997e-06
5518	1.29862e-06
5519	1.29755e-06
5520	1.29648e-06
5521	1.29541e-06
5522	1.29434e-06
5523	1.29328e-06
5524	1.29221e-06
5525	1.29114e-06
5526	1.29008e-06
5527	1.28901e-06
5528	1.28795e-06
5529	1.28689e-06
5530	1.28582e-06
5531	1.28476e-06
5532	1.2837e-06
5533	1.28264e-06
5534	1.28159e-06
5535	1.28053e-06
5536	1.27947e-06
5537	1.27842e-06
5538	1.27736e-06
5539	1.27631e-06
5540	1.27525e-06
5541	1.2742e-06
5542	1.27315e-06
5543	1.2721e-06
5544	1.27105e-06
5545	1.27e-06
5546	1.26895e-06
5547	1.26791e-06
5548	1.26686e-06
5549	1.26582e-06
5550	1.26477e-06
5551	1.26373e-06
5552	1.26268e-06
5553	1.26164e-06
5554	1.2606e-06
5555	1.25956e-06
5556	1.25852e-06
5557	1.25748e-06
5558	1.25645e-06
5559	1.25541e-06
5560	1.25437e-06
5561	1.25334e-06
5562	1.25231e-06
5563	1.25127e-06
5564	1.25024e-06
5565	1.24921e-06
5566	1.24818e-06
5567	1.24715e-06
5568	1.24612e-06
5569	1.24509e-06
5570	1.24406e-06
5571	1.24304e-06
5572	1.24201e-06
5573	1.24099e-06
5574	1.23996e-06
5575	1.23894e-06
5576	1.23792e-06
5577	1.2369e-06
5578	1.23588e-06
5579	1.23486e-06
5580	1.23384e-06
5581	1.23282e-06
5582	1.2318e-06
5583	1.23079e-06
5584	1.22977e-06
5585	1.22876e-06
5586	1.22774e-06
5587	1.22673e-06
5588	1.22572e-06
5589	1.22471e-06
5590	1.22369e-06
5591	1.22269e-06
5592	1.22168e-06
5593	1.22067e-06
5594	1.21966e-06
5595	1.21866e-06
5596	1.21765e-06
5597	1.21665e-06
5598	1.21564e-06
5599	1.21464e-06
5600	1.21364e-06
5601	1.21264e-06
5602	1.21163e-06
5603	1.21064e-06
