-4.48392
-3.42847
-2.30082
-1.10583
0.124991
1.38451
2.66428
3.97776
5.31076
6.64725
7.9679
9.25174
10.4909
11.6533
12.7032
13.602
14.3087
14.7814
14.9778
14.8555
14.367
13.4727
12.1282
10.3062
7.99927
5.22449
2.00601
-1.60192
-5.45265
-9.28243
-12.8426
-15.969
-18.5162
-20.3635
-21.4199
-21.6293
-20.9716
-19.4643
-17.1617
-14.1521
-10.5545
-6.51297
-2.19063
2.23765
6.59285
10.6997
14.3939
17.5303
19.9881
21.6767
22.5399
22.5578
21.7479
20.1646
17.8963
15.0622
11.8063
8.29181
4.69338
1.27536
-1.73567
-4.27264
-6.28848
-7.77441
-8.75538
-9.26204
-9.33997
-9.04084
-8.41495
-7.51791
-6.40289
-5.1246
-3.71339
-2.20897
-0.647567
0.961794
2.59485
4.20375
5.79257
7.34544
8.84824
10.3193
11.7199
13.0408
14.299
14.9443
-4.50013
-3.47894
-2.38893
-1.23467
-0.046394
1.16916
2.40397
3.67125
4.95716
6.24666
7.52087
8.76014
9.95687
11.0803
12.0962
12.9676
13.6552
14.1188
14.318
14.2128
13.7565
12.9124
11.6374
9.90544
7.70942
5.06564
1.99754
-1.44316
-5.11615
-8.76877
-12.1631
-15.1421
-17.5663
-19.3202
-20.3166
-20.5017
-19.8563
-18.3971
-16.1761
-13.2779
-9.81652
-5.92996
-1.77441
2.48263
6.66967
10.6188
14.1727
17.1923
19.5618
21.1945
22.0366
22.0688
21.3082
19.8065
17.6487
14.9486
11.8443
8.49187
5.0586
1.7977
-1.0742
-3.4932
-5.41353
-6.82761
-7.75883
-8.23656
-8.30443
-8.01238
-7.4076
-6.54437
-5.47261
-4.24562
-2.89194
-1.44963
0.0466224
1.5879
3.15143
4.6911
6.21062
7.69499
9.13028
10.5338
11.8679
13.1231
14.3173
14.945
-4.51751
-3.53233
-2.48146
-1.36935
-0.225032
0.945131
2.13354
3.35307
4.59042
5.83137
7.05774
8.25098
9.40394
10.4872
11.4681
12.3113
12.9795
13.4342
13.6368
13.5495
13.1274
12.3358
11.1334
9.49553
7.41525
4.90814
1.99681
-1.26954
-4.7572
-8.22515
-11.4467
-14.2721
-16.5681
-18.2245
-19.1582
-19.3178
-18.6849
-17.2756
-15.1393
-12.357
-9.03718
-5.31171
-1.32958
2.74936
6.76149
10.5465
13.9545
16.8525
19.1301
20.7046
21.5245
21.5716
20.862
19.4451
17.4018
14.8409
11.8939
8.70987
5.44812
2.35026
-0.377371
-2.67404
-4.49558
-5.83534
-6.71528
-7.16342
-7.22137
-6.93705
-6.35488
-5.52719
-4.50109
-3.3279
-2.03455
-0.657354
0.770589
2.24065
3.73132
5.19846
6.6455
8.05816
9.423
10.7563
12.0223
13.2123
14.3462
14.9473
-4.53566
-3.58782
-2.57724
-1.50833
-0.408945
0.714879
1.85595
3.02675
4.2146
5.40602
6.58368
7.73004
8.83841
9.8808
10.8262
11.641
12.2897
12.7356
12.9422
12.8738
12.4873
11.7501
10.6229
9.08221
7.12142
4.75533
2.00563
-1.08096
-4.37752
-7.65512
-10.6986
-13.3656
-15.5294
-17.0853
-17.9543
-18.0874
-17.4672
-16.1089
-14.0596
-11.3962
-8.22189
-4.66196
-0.858091
3.03777
6.87005
10.4864
13.7442
16.5171
18.7001
20.2147
21.0117
21.0739
20.4165
19.0865
17.1608
14.7426
11.9571
8.94578
5.86001
2.92935
0.349539
-1.82179
-3.54237
-4.80624
-5.63401
-6.0523
-6.1007
-5.82481
-5.26656
-4.47595
-3.49748
-2.38016
-1.14942
0.160227
1.51734
2.91367
4.32883
5.72086
7.09294
8.43151
9.72376
10.9851
12.1819
13.3066
14.3797
14.95
-4.55388
-3.64343
-2.67305
-1.64707
-0.592234
0.485721
1.57998
2.70261
3.84156
4.98407
6.11367
7.21376
8.27818
9.28035
10.1909
10.9778
11.6075
12.0453
12.2564
12.2072
11.8568
11.1743
10.1226
8.67923
6.83802
4.61298
2.02484
-0.882119
-3.98769
-7.07511
-9.94072
-12.4494
-14.4811
-15.9366
-16.7407
-16.8471
-16.2393
-14.9317
-12.9689
-10.4238
-7.3943
-3.99924
-0.372931
3.34053
6.99361
10.4418
13.55
16.1981
18.2868
19.7415
20.5155
20.5926
19.987
18.7433
16.9345
14.6582
12.0333
9.19359
6.28278
3.51822
1.08515
-0.961827
-2.58244
-3.77126
-4.54766
-4.93686
-4.97638
-4.70949
-4.17575
-3.42269
-2.49237
-1.43134
-0.26362
0.978109
2.26403
3.58633
4.9257
6.24237
7.53936
8.8038
10.0236
11.2135
12.3419
13.4023
14.4145
14.9528
-4.57202
-3.69874
-2.76822
-1.7847
-0.773829
0.258925
1.3071
2.38235
3.47324
4.56769
5.6501
6.7048
7.72614
8.68894
9.56537
10.3253
10.9367
11.3669
11.5831
11.5535
11.2394
10.6117
9.63537
8.28915
6.56711
4.48251
2.05514
-0.673092
-3.58865
-6.48691
-9.1756
-11.5269
-13.4272
-14.7826
-15.522
-15.6016
-15.0058
-13.7482
-11.871
-9.4431
-6.55714
-3.32547
0.124825
3.65743
7.13281
10.4143
13.3739
15.8983
17.8934
19.2884
20.0395
20.1311
19.5766
18.4183
16.725
14.5892
12.123
9.45312
6.71534
4.11497
1.82683
-0.0974073
-1.61955
-2.73459
-3.46071
-3.82173
-3.85314
-3.59584
-3.08712
-2.37198
-1.49012
-0.485575
0.618996
1.79272
3.00743
4.25573
5.51936
6.76082
7.98294
9.17359
10.3215
11.4406
12.5014
13.4981
14.4496
14.9556
-4.58993
-3.75335
-2.86213
-1.9204
-0.952721
0.0356927
1.03872
2.06758
3.11146
4.15893
5.19525
6.20564
7.18497
8.10946
8.95282
9.68658
10.2806
10.7039
10.9256
10.9161
10.6384
10.0654
9.16408
7.91434
6.31056
4.36522
2.09716
-0.454009
-3.18135
-5.89227
-8.40575
-10.6011
-12.3713
-13.6274
-14.3027
-14.3555
-13.7713
-12.5628
-10.7698
-8.45741
-5.71297
-2.64249
0.634111
3.98823
7.28818
10.405
13.218
15.6201
17.5225
18.8587
19.5869
19.6925
19.1883
18.1139
16.5343
14.5367
12.2268
9.72412
7.15665
4.71778
2.57207
0.768359
-0.657281
-1.70018
-2.37738
-2.71131
-2.73547
-2.48834
-2.00507
-1.32809
-0.494811
0.453266
1.49481
2.60073
3.74449
4.91913
6.10746
7.27417
8.42198
9.53952
10.6163
11.6654
12.6595
13.5934
14.4846
14.9584
-4.60642
-3.80361
-2.94853
-2.04517
-1.1171
-0.169294
0.792422
1.77889
2.77984
3.78445
4.77877
5.7488
6.68993
7.57964
8.39307
9.10329
9.68185
10.0994
10.3269
10.3363
10.0929
9.57091
8.73931
7.57912
6.08497
4.26864
2.14806
-0.239251
-2.79243
-5.33005
-7.68146
-9.7326
-11.3823
-12.5466
-13.1622
-13.1901
-12.6162
-11.4527
-9.73717
-7.53104
-4.91692
-1.99493
1.12162
4.31122
7.44946
10.4145
13.0922
15.3815
17.1984
18.48
19.187
19.3053
18.8471
17.8498
16.3747
14.5041
12.3379
9.9888
7.5778
5.28721
3.27218
1.57891
0.241527
-0.735571
-1.36838
-1.67808
-1.69628
-1.45926
-1.0002
-0.359124
0.42865
1.32397
2.30673
3.34949
4.42724
5.53341
6.65177
7.74913
8.82806
9.87792
10.8889
11.8735
12.806
13.6816
14.5171
14.9611
-4.62096
-3.84793
-3.0247
-2.15512
-1.2619
-0.349784
0.575664
1.52494
2.48826
3.45533
4.41289
5.34765
6.25542
7.11482
7.90224
8.59214
9.1575
9.57052
9.80349
9.8302
9.61762
9.14126
8.37186
7.29138
5.8947
4.19297
2.20333
-0.0385427
-2.43717
-4.82104
-7.02865
-8.95183
-10.4945
-11.5773
-12.1399
-12.1454
-11.5804
-10.4565
-8.80922
-6.69693
-4.19792
-1.40715
1.56794
4.6121
7.60734
10.4381
12.9961
15.1856
16.9268
18.16
18.848
18.9774
18.5596
17.6302
16.2472
14.4886
12.449
10.2354
7.96227
5.80229
3.90228
2.30611
1.04619
0.126681
-0.467492
-0.756378
-0.769919
-0.542459
-0.105408
0.503302
1.25024
2.09833
3.02855
4.01493
5.0338
6.07895
7.13502
8.17068
9.1884
10.1781
11.1308
12.0581
12.936
13.76
14.5459
14.9634
-4.63407
-3.88787
-3.09334
-2.25418
-1.3923
-0.512269
0.380602
1.2965
2.22607
3.1595
4.08415
4.98737
5.86534
6.69773
7.46204
8.13398
8.68783
9.09715
9.3356
9.3784
9.19413
8.75951
8.04682
7.03891
5.73087
4.13327
2.26253
0.152683
-2.10568
-4.35001
-6.42715
-8.23419
-9.67983
-10.6884
-11.2028
-11.1878
-10.6306
-9.54226
-7.95662
-5.92907
-3.53406
-0.861886
1.9853
4.89794
7.76384
10.4731
12.9229
15.0219
16.6946
17.8839
18.5546
18.6938
18.3124
17.4441
16.1441
14.4865
12.5611
10.4696
8.32081
6.27852
4.48204
2.97319
1.7828
0.914851
0.355081
0.0844698
0.0745889
0.292857
0.709446
1.28835
1.99782
2.80269
3.6849
4.61981
5.58499
6.57454
7.5739
8.55344
9.51551
10.4507
11.3503
12.2257
13.054
13.8312
14.5721
14.9655
-4.64587
-3.92385
-3.15515
-2.34338
-1.5097
-0.658509
0.205095
1.09103
1.99032
2.8936
3.78878
4.66377
5.51513
6.32343
7.0672
7.72327
8.2671
8.67347
8.91727
8.97503
8.81678
8.42031
7.75935
6.8175
5.59005
4.08706
2.32431
0.334307
-1.79675
-3.91446
-5.87319
-7.57485
-8.93236
-9.8736
-10.3441
-10.3102
-9.75994
-8.70362
-7.17355
-5.22251
-2.92148
-0.356503
2.37505
5.16875
7.91766
10.517
12.8688
14.886
16.4965
17.6461
18.3009
18.4489
18.1002
17.287
16.0618
14.4952
12.6729
10.6915
8.65475
6.71849
5.01522
3.58491
2.45693
1.63514
1.106
0.851432
0.844372
1.05384
1.45143
2.0029
2.67802
3.44334
4.2817
5.16965
6.08589
7.02479
7.97253
8.90102
9.81251
10.6981
11.5496
12.3778
13.1611
13.8958
14.5958
14.9674
-4.6565
-3.95625
-3.2108
-2.42366
-1.61535
-0.790074
0.0472416
0.906273
1.77841
2.65466
3.52344
4.37319
5.20077
5.98759
6.71311
7.35515
7.89025
8.29431
8.5433
8.61494
8.48059
8.11899
7.50518
6.62344
5.46925
4.05221
2.38748
0.506253
-1.50929
-3.51212
-5.36345
-6.96948
-8.24701
-9.12709
-9.55769
-9.50658
-8.96231
-7.93478
-6.45482
-4.57287
-2.35673
0.111374
2.7384
5.42457
8.06768
10.5676
12.8308
14.7739
16.3282
17.4416
18.082
18.2377
17.9184
17.1549
15.9971
14.5126
12.7831
10.901
8.96529
7.12454
5.50519
4.14548
3.07354
2.29306
1.79119
1.55069
1.54575
1.74682
2.12681
2.65304
3.29669
4.02586
4.82418
5.66932
6.54096
7.43376
8.33453
9.2166
10.0821
10.9226
11.7305
12.5159
13.2583
13.9544
14.6174
14.9692
-4.66634
-3.98623
-3.26231
-2.49797
-1.71311
-0.911804
-0.0987804
0.735408
1.58248
2.43381
3.27827
4.10477
4.9105
5.67761
6.38644
7.01573
7.54303
7.94525
8.19938
8.28427
8.17247
7.84365
7.27403
6.44855
5.36286
4.0261
2.45291
0.673203
-1.23454
-3.13019
-4.88129
-6.3981
-7.60096
-8.42392
-8.81715
-8.74985
-8.21101
-7.2101
-5.77663
-3.95884
-1.82158
0.55647
3.08631
5.67247
8.21718
10.6246
12.8053
14.6795
16.1813
17.2611
17.8879
18.0507
17.7586
17.041
15.9458
14.5374
12.894
11.104
9.26192
7.50968
5.96802
4.67362
3.65341
2.91097
2.43408
2.20627
2.2029
2.39578
2.75901
3.26139
3.87539
4.57059
5.33134
6.13632
6.96619
7.81582
8.67266
9.51132
10.3339
11.1323
11.8994
12.6448
13.3491
14.0092
14.6376
14.9708
-4.67624
-4.01638
-3.31409
-2.57266
-1.81137
-1.03413
-0.245489
0.56378
1.38573
2.21208
3.0322
3.83547
4.61938
5.36686
6.05912
6.67584
7.19557
7.59625
7.85591
7.95453
7.86587
7.57052
7.04591
6.27766
5.26155
4.0063
2.52597
0.849246
-0.949189
-2.73616
-4.38565
-5.81197
-6.93911
-7.70408
-8.05934
-7.97545
-7.44192
-6.46778
-5.08116
-3.32809
-1.27048
1.01663
3.4483
5.9334
8.37865
10.6926
12.7898
14.5943
16.043
17.0887
17.7017
17.8715
17.6067
16.9354
15.9032
14.5715
13.0149
11.3175
9.5698
7.90666
6.44315
5.21437
4.24604
3.54164
3.08958
2.87419
2.87201
3.0562
3.40209
3.87997
4.46364
5.12413
5.84655
6.61064
7.39798
8.2037
9.01587
9.81043
10.5894
11.3451
12.0708
12.7756
13.4413
14.0647
14.658
14.9724
-4.68635
-4.04718
-3.36699
-2.64896
-1.91173
-1.15905
-0.395277
0.388588
1.18494
1.98589
2.78125
3.56093
4.32271
5.05035
5.72592
6.33008
6.8424
7.24188
7.50762
7.62076
7.55631
7.29578
6.81788
6.10888
5.16475
3.99373
2.60933
1.03891
-0.646697
-2.32151
-3.86614
-5.19909
-6.24803
-6.95308
-7.26902
-7.16785
-6.63957
-5.69276
-4.35416
-2.66751
-0.691674
1.50201
3.83277
6.21401
8.55701
10.7748
12.7862
14.5189
15.913
16.9235
17.5221
17.6988
17.462
16.838
15.8703
14.6172
13.1495
11.5471
9.89595
8.32398
6.94037
5.7786
4.86315
4.19739
3.77037
3.56726
3.56582
3.74059
4.06818
4.52042
5.07245
5.69684
6.37946
7.10111
7.84436
8.60461
9.37054
10.1195
10.8533
11.5649
12.2478
12.9107
13.5364
14.1221
14.6791
14.9741
-4.69634
-4.07765
-3.41932
-2.72442
-2.01097
-1.28257
-0.543353
0.21544
0.986553
1.76246
2.53346
3.28995
4.03003
4.73825
5.39757
5.9896
6.49494
6.89365
7.16588
7.29391
7.25402
7.02865
6.59774
5.94824
5.0763
3.98967
2.70132
1.23731
-0.335417
-1.89804
-3.33777
-4.57727
-5.54796
-6.19298
-6.46946
-6.3508
-5.82752
-4.90774
-3.61681
-1.99621
-0.101734
1.99894
4.22923
6.507
8.74811
10.8701
12.7959
14.457
15.7965
16.7718
17.356
17.5395
17.3302
16.7531
15.8494
14.6743
13.2948
11.7867
10.2313
8.74972
7.44524
6.34973
5.48645
4.85866
4.45607
4.26467
4.26344
4.42832
4.73718
5.16337
5.6834
6.27137
6.91389
7.59284
8.2918
9.00637
9.7259
10.4291
11.1177
11.785
12.4251
13.046
13.6317
14.1796
14.7002
14.9758
-4.70618
-4.10761
-3.47079
-2.79864
-2.10856
-1.404
-0.688904
0.0452839
0.791645
1.54302
2.29018
3.02401
3.74294
4.43228
5.07589
5.65632
6.15518
6.55357
6.83269
6.97596
6.96091
6.77087
6.38706
5.79708
4.99722
3.99479
2.80219
1.44421
-0.0160533
-1.46692
-2.80217
-3.94861
-4.8413
-5.42645
-5.66346
-5.52718
-5.00861
-4.11542
-2.87157
-1.31631
0.497598
2.50613
4.63685
6.81205
8.95212
10.9791
12.82
14.41
15.6953
16.6354
17.2051
17.3951
17.2129
16.6821
15.8415
14.7434
13.451
12.0359
10.5751
9.18261
7.95608
6.92573
6.11363
5.52294
5.14401
4.96366
4.96208
5.11659
5.40632
5.80615
6.29394
6.8453
7.4476
8.08378
8.73839
9.40729
10.0805
10.7379
11.3814
12.0045
12.6019
13.1809
13.7267
14.2369
14.7213
14.9775
-4.71601
-4.13756
-3.5222
-2.87278
-2.20605
-1.52528
-0.834244
-0.124585
0.597121
1.32408
2.04755
2.75891
3.45689
4.12763
4.75583
5.32502
5.81781
6.21637
6.50293
6.66209
6.6726
6.51875
6.18298
5.65356
4.92695
4.01
2.91453
1.66404
0.317745
-1.01989
-2.24928
-3.3014
-4.11501
-4.63939
-4.83626
-4.68189
-4.16779
-3.30117
-2.1046
-0.615052
1.11774
3.03346
5.06383
7.13561
9.1738
11.1049
12.8601
14.3783
15.6088
16.5134
17.0682
17.2646
17.1094
16.625
15.8477
14.8268
13.6218
12.3001
10.9341
9.63091
8.4824
7.51716
6.75606
6.20216
5.84647
5.67664
5.6741
5.81756
6.0874
6.46008
6.9148
7.42872
7.98995
8.58253
9.19197
9.81439
10.4404
11.0514
11.649
12.2273
12.7813
13.3178
13.8231
14.295
14.7427
14.9793
-4.72572
-4.16715
-3.57303
-2.94606
-2.30239
-1.64512
-0.977828
-0.29236
0.405054
1.10799
1.80818
2.49749
3.17499
3.82759
4.4409
4.99937
5.48664
5.88592
6.18048
6.3561
6.39276
6.27567
5.98853
5.52026
4.86749
4.03659
3.03883
1.89642
0.664653
-0.559213
-1.68224
-2.63956
-3.37366
-3.83687
-3.99323
-3.82043
-3.31048
-2.47013
-1.32057
0.103493
1.75538
3.57845
5.50862
7.4771
9.41347
11.2487
12.9182
14.3645
15.5401
16.409
16.9488
17.1512
17.0228
16.5843
15.8699
14.9257
13.8076
12.5787
11.3068
10.0922
9.02102
8.12018
7.40935
6.89152
6.55835
6.39833
6.39414
6.52586
6.77516
7.12005
7.54112
8.01702
8.53665
9.08511
9.64893
10.2244
10.8029
11.3671
11.9184
12.4516
12.9618
13.4555
13.9201
14.3535
14.7642
14.981
-4.73526
-4.1962
-3.6229
-3.01795
-2.39689
-1.76266
-1.11862
-0.456835
0.216823
0.89629
1.57379
2.24164
2.89927
3.53438
4.13341
4.68179
5.16416
5.56474
5.86787
6.06046
6.12375
6.04382
5.80565
5.39881
4.82007
4.07534
3.17533
2.14096
1.02366
-0.0865362
-1.10329
-1.96589
-2.62048
-3.02245
-3.13813
-2.94662
-2.44045
-1.6259
-0.522788
0.836445
2.40813
4.13931
5.97003
7.83594
9.67117
11.4111
12.9954
14.3702
15.491
16.3243
16.8489
17.0571
16.9548
16.5616
15.9093
15.0408
14.0084
12.8711
11.692
10.5648
9.56969
8.73206
8.07042
7.58766
7.2761
7.12507
7.11849
7.23782
7.46601
7.78261
8.16957
8.60709
9.08479
9.58887
10.1068
10.6352
11.1659
11.6832
12.1882
12.6761
13.1426
13.5935
14.0172
14.4121
14.7858
14.9827
-4.74451
-4.2244
-3.67133
-3.08777
-2.48865
-1.87676
-1.25528
-0.616424
0.034249
0.691044
1.34665
1.99386
2.63245
3.25087
3.83644
4.37549
4.85366
5.2562
5.56844
5.77846
5.86868
5.8261
5.63692
5.29136
4.78633
4.12726
3.32433
2.39719
1.39342
0.395956
-0.515413
-1.28405
-1.85972
-2.20081
-2.27592
-2.06556
-1.56272
-0.773256
0.284391
1.57999
3.07286
4.71365
6.44648
8.21139
9.94698
11.593
13.0932
14.3975
15.4642
16.2621
16.7714
16.9849
16.9081
16.5591
15.9674
15.173
14.2244
13.1766
12.0883
11.0464
10.1254
9.34924
8.73521
8.28616
7.99504
7.85204
7.84229
7.9486
8.15519
8.44315
8.79577
9.19478
9.63051
10.0902
10.5624
11.0438
11.527
11.9975
12.4564
12.8993
13.3223
13.7305
14.1137
14.4703
14.8072
14.9845
-4.75344
-4.25161
-3.71804
-3.15508
-2.57711
-1.98674
-1.38696
-0.770162
-0.141566
0.493485
1.12814
1.75566
2.37615
2.97882
3.55181
4.08238
4.55711
4.96227
5.28416
5.51199
5.62938
5.62417
5.48381
5.1991
4.76712
4.19282
3.48585
2.66462
1.77294
0.886737
0.0793801
-0.596491
-1.0942
-1.37505
-1.40989
-1.18058
-0.680592
0.0846582
1.09806
2.33156
3.7474
5.29976
6.93677
8.60276
10.2407
11.7947
13.2124
14.4474
15.4609
16.2238
16.7179
16.9363
16.884
16.5778
16.0449
15.3225
14.4555
13.4947
12.4946
11.5353
10.6861
9.96932
9.40105
8.98413
8.71215
8.57612
8.56238
8.65508
8.83967
9.09876
9.41695
9.77747
10.1714
10.5869
11.0136
11.4484
11.8844
12.3086
12.7219
13.1202
13.5001
13.8662
14.2092
14.5278
14.8284
14.9862
-4.7621
-4.27799
-3.76333
-3.22036
-2.66288
-2.09335
-1.51457
-0.919095
-0.311814
0.302281
0.916787
1.52543
2.12867
2.71643
3.27769
3.8006
4.2727
4.68121
5.01345
5.25971
5.40479
5.43739
5.34614
5.12248
4.76359
4.27397
3.66276
2.94711
2.16712
1.39174
0.68799
0.104549
-0.315407
-0.536098
-0.530556
-0.281992
0.215646
0.957375
1.9274
3.09983
4.43979
5.90494
7.44738
9.01568
10.5571
12.0201
13.3563
14.5225
15.4832
16.2114
16.69
16.9128
16.8843
16.6198
16.1446
15.4927
14.7055
13.8299
12.9159
12.0375
11.2582
10.5991
10.075
9.68883
9.43476
9.30462
9.28596
9.36425
9.52618
9.75584
10.0392
10.3608
10.7126
11.0838
11.4649
11.8529
12.2417
12.6195
12.9871
13.3409
13.6777
14.0017
14.3046
14.5854
14.8495
14.9879
-4.7704
-4.30327
-3.80672
-3.28289
-2.74503
-2.19544
-1.63674
-1.06162
-0.474659
0.119499
0.714896
1.30571
1.89273
2.46662
3.01716
3.53336
4.00371
4.41637
4.75961
5.02484
5.19797
5.26855
5.22638
5.06349
4.77719
4.37153
3.8551
3.2439
2.5743
1.90842
1.30704
0.814966
0.47193
0.310873
0.356612
0.624614
1.12047
1.83962
2.76756
3.8805
5.1464
6.52636
7.97632
9.44902
10.896
12.2698
13.5259
14.6247
15.5335
16.2273
16.6904
16.917
16.9113
16.6871
16.2676
15.6839
14.9741
14.181
13.3505
12.5501
11.8383
11.2345
10.7526
10.3954
10.1578
10.0323
10.0078
10.0709
10.2096
10.4095
10.6577
10.9405
11.2502
11.5772
11.9128
12.2543
12.5961
12.9279
13.2502
13.5597
13.8538
14.136
14.3991
14.6424
14.8705
14.9896
-4.77826
-4.3272
-3.8478
-3.34207
-2.82276
-2.29201
-1.75226
-1.19634
-0.6285
-0.0530587
0.524458
1.09866
1.67069
2.23191
2.77286
3.28343
3.75297
4.1706
4.52549
4.81013
5.01152
5.12001
5.12658
5.02379
4.80908
4.48605
4.06278
3.55411
2.99281
2.43433
1.93335
1.53092
1.26343
1.16106
1.24654
1.53406
2.02876
2.72648
3.61399
4.66953
5.86382
7.16126
8.52158
9.90153
11.2568
12.5439
13.7222
14.7553
15.6133
16.2734
16.721
16.9509
16.9667
16.781
16.4148
15.8967
15.261
14.547
13.7964
13.0706
12.4231
11.8718
11.4297
11.0995
10.8766
10.7545
10.7231
10.7704
10.8855
11.0553
11.2685
11.5125
11.7804
12.0635
12.3541
12.6497
12.9452
13.2315
13.5091
13.7751
14.0271
14.2682
14.4922
14.6985
14.8911
14.9912
-4.7856
-4.34957
-3.8862
-3.39739
-2.8954
-2.38223
-1.86014
-1.32207
-0.771989
-0.213876
0.347154
0.906132
1.46453
2.0144
2.54703
3.05311
3.52286
3.94627
4.31342
4.61783
4.84755
4.9937
5.04836
5.00464
4.86008
4.61783
4.28551
3.8768
3.42103
2.96715
2.56395
2.24886
2.05506
2.01008
2.13462
2.44163
2.93583
3.61347
4.46251
5.46317
6.58879
7.80701
9.08116
10.3719
11.6388
12.8424
13.9455
14.9152
15.724
16.3512
16.7835
17.0159
17.0518
16.9024
16.5868
16.1308
15.5656
14.9267
14.2519
13.5967
13.0098
12.5078
12.1027
11.7971
11.5871
11.4669
11.4277
11.4585
11.5496
11.6894
11.8676
12.0732
12.2999
12.5399
12.7863
13.0368
13.2868
13.5286
13.7625
13.9858
14.1966
14.3975
14.5832
14.7533
14.9113
14.9929
-4.79238
-4.37021
-3.92163
-3.44842
-2.9624
-2.46541
-1.95955
-1.43787
-0.904039
-0.361731
0.184335
0.72959
1.27585
1.81579
2.34143
2.84423
3.31523
3.74527
4.12525
4.44971
4.70769
4.89104
4.9929
5.00692
4.93069
4.76694
4.52284
4.21098
3.85736
3.50469
3.1961
2.96557
2.8432
2.85397
3.01668
3.34309
3.8375
4.49654
5.30932
6.25796
7.31833
8.4611
9.65309
10.8586
12.0412
13.1648
14.196
15.1048
15.8663
16.4616
16.8787
17.113
17.1673
17.0519
16.7837
16.3861
15.8872
15.3188
14.715
14.1259
13.5956
13.1393
12.768
12.4846
12.2855
12.1659
12.1177
12.1314
12.1984
12.3083
12.452
12.6198
12.806
13.0037
13.2069
13.4133
13.6191
13.8175
14.0088
14.1906
14.3614
14.5231
14.6717
14.8067
14.9309
14.9945
-4.79862
-4.38923
-3.95426
-3.49541
-3.02406
-2.54193
-2.05096
-1.54428
-1.02526
-0.497307
0.0352539
0.568235
1.10379
1.6352
2.15518
2.65593
3.12926
3.56682
3.96033
4.30529
4.59168
4.81206
4.96059
5.03139
5.02215
4.93516
4.77715
4.5597
4.30553
4.05137
3.83487
3.68669
3.63397
3.69927
3.89953
4.24539
4.74073
5.38257
6.16112
7.0603
8.0584
9.12906
10.2424
11.3663
12.4678
13.5147
14.4767
15.3267
16.0424
16.6067
17.0087
17.2441
17.3153
17.2316
17.008
16.6653
16.2287
15.7267
15.1898
14.6626
14.1851
13.771
13.4308
13.1671
12.977
12.8563
12.7982
12.7941
12.8364
12.9163
13.0256
13.156
13.3021
13.4582
13.6189
13.7821
13.9444
14.1003
14.2498
14.391
14.5226
14.646
14.7582
14.8588
14.9501
14.996
-4.80426
-4.40639
-3.98371
-3.53781
-3.07969
-2.61093
-2.13332
-1.64006
-1.13425
-0.619021
-0.0983379
0.423976
0.950402
1.47482
1.99058
2.49057
2.96736
3.41335
3.82103
4.18682
4.50159
4.75857
4.95289
5.07912
5.13501
5.12244
5.04773
4.92147
4.76329
4.60413
4.47646
4.40776
4.42238
4.54056
4.77748
5.14271
5.63976
6.26598
7.01266
7.86541
8.80483
9.80733
10.8462
11.8927
12.9173
13.8913
14.7873
15.5814
16.2532
16.7875
17.1745
17.4101
17.4967
17.442
17.2596
16.9679
16.5892
16.1488
15.6737
15.2037
14.7745
14.3989
14.0864
13.8397
13.6565
13.5332
13.464
13.4415
13.459
13.5089
13.5842
13.6776
13.7846
13.8999
14.0191
14.1401
14.2601
14.3747
14.4836
14.5854
14.6789
14.7653
14.8421
14.9094
14.9687
14.9975
-4.80926
-4.42161
-4.00982
-3.57538
-3.12895
-2.67199
-2.20614
-1.72464
-1.23037
-0.726156
-0.215651
0.297669
0.816613
1.33561
1.84861
2.34916
2.83053
3.28584
3.70827
4.09512
4.43813
4.73111
4.97013
5.15017
5.26903
5.3282
5.33361
5.29489
5.22876
5.16067
5.11814
5.12568
5.20501
5.37417
5.6467
6.03115
6.5307
7.14299
7.86031
8.66989
9.55451
10.4932
11.4622
12.4359
13.3882
14.2933
15.1271
15.868
16.4981
17.0036
17.3758
17.611
17.7109
17.6826
17.5379
17.2928
16.9672
16.5832
16.1647
15.7466
15.3612
15.02
14.7318
14.4993
14.3208
14.1933
14.1121
14.0705
14.0631
14.0832
14.125
14.1824
14.251
14.3267
14.4056
14.4858
14.5648
14.6394
14.7092
14.7729
14.8297
14.8802
14.923
14.9582
14.9867
14.9989
-4.81362
-4.43491
-4.03261
-3.60817
-3.17191
-2.72519
-2.26952
-1.79815
-1.31372
-0.818836
-0.316815
0.189183
0.702293
1.21745
1.72919
2.23166
2.71878
3.18434
3.62219
4.03047
4.4017
4.73025
5.01308
5.24554
5.42548
5.55398
5.63662
5.68217
5.70452
5.72391
5.76318
5.84402
5.98568
6.20413
6.51138
6.91501
7.41786
8.01788
8.7083
9.47787
10.3114
11.1904
12.0938
12.9992
13.8834
14.7236
15.4985
16.1891
16.7794
17.2572
17.6146
17.8485
17.96
17.9554
17.8448
17.6423
17.365
17.0324
16.6652
16.2942
15.948
15.6372
15.3699
15.1489
14.9729
14.8396
14.7451
14.6839
14.6513
14.6417
14.6504
14.6722
14.7034
14.7403
14.78
14.8205
14.8598
14.8957
14.9274
14.9542
14.9756
14.9914
15.0012
15.0053
15.004
15.0003
-4.81732
-4.44616
-4.0519
-3.6359
-3.20822
-2.77009
-2.32292
-1.85995
-1.38361
-0.896278
-0.40097
0.0994494
0.608432
1.12139
1.63338
2.13913
2.63316
3.10988
3.56374
3.99369
4.39295
4.75643
5.08191
5.36508
5.60382
5.79883
5.95536
6.08134
6.18805
6.29079
6.40799
6.55874
6.75996
7.02574
7.3666
7.78925
8.29622
8.88575
9.55191
10.2849
11.0714
11.8952
12.7379
13.5798
14.4006
15.1803
15.9001
16.5434
17.0961
17.5474
17.8904
18.122
18.2433
18.2594
18.1791
18.0146
17.7806
17.494
17.1727
16.8433
16.5315
16.2469
15.9969
15.7845
15.6087
15.468
15.3593
15.2778
15.2198
15.1809
15.157
15.1441
15.1388
15.1383
15.1401
15.1422
15.1432
15.1417
15.137
15.1283
15.1155
15.0981
15.0763
15.0506
15.0207
15.0017
-4.82033
-4.45532
-4.0676
-3.65845
-3.2377
-2.80649
-2.36609
-1.90977
-1.43973
-0.958133
-0.467739
0.0288649
0.535442
1.04785
1.5616
2.07198
2.57403
3.06273
3.53311
3.98485
4.41182
4.80941
5.17618
5.50811
5.80308
6.06145
6.28816
6.49037
6.67691
6.85847
7.04937
7.2663
7.52405
7.83493
8.20815
8.64959
9.16148
9.74232
10.387
11.087
11.8307
12.6041
13.3912
14.1748
14.9372
15.661
16.3299
16.9292
17.4466
17.8728
18.2015
18.43
18.559
18.5929
18.539
18.4078
18.2119
17.9657
17.6844
17.3911
17.1087
16.8459
16.6096
16.4028
16.2251
16.0753
15.9514
15.8493
15.7659
15.698
15.6424
15.5958
15.5553
15.5186
15.4839
15.4493
15.4136
15.3764
15.3368
15.2943
15.249
15.1998
15.1478
15.0937
15.0365
15.003
-4.82268
-4.46246
-4.07982
-3.67597
-3.26055
-2.83463
-2.39935
-1.94795
-1.48246
-1.00484
-0.51761
-0.0230974
0.482761
0.996219
1.51325
2.02958
2.54078
3.04234
3.52979
4.00352
4.458
4.88902
5.29588
5.67482
6.02371
6.34259
6.63609
6.91068
7.17289
7.4291
7.68981
7.96951
8.28102
8.63501
9.03948
9.49954
10.0172
10.5911
11.2169
11.8874
12.5924
13.32
14.0562
14.7863
15.495
16.1673
16.789
17.3474
17.8318
18.2341
18.5487
18.7732
18.908
18.9567
18.9255
18.8231
18.6602
18.4489
18.2021
17.9396
17.6817
17.4365
17.2104
17.0064
16.8245
16.6641
16.524
16.4007
16.292
16.1954
16.1086
16.0292
15.9545
15.8829
15.8131
15.7432
15.6722
15.6009
15.5278
15.453
15.3765
15.2969
15.2162
15.1349
15.0517
15.0042
-4.82436
-4.46758
-4.08858
-3.6885
-3.27684
-2.85457
-2.42277
-1.9746
-1.51191
-1.03653
-0.550708
-0.0565721
0.450249
0.966371
1.48816
2.01179
2.53329
3.04859
3.5537
4.04966
4.53148
4.99532
5.44115
5.86545
6.26606
6.64269
6.99973
7.34299
7.67687
8.00372
8.33051
8.66969
9.03229
9.4275
9.86217
10.3407
10.8649
11.4337
12.0433
12.6875
13.3579
14.044
14.7341
15.4155
16.0751
16.7001
17.2783
17.7988
18.2523
18.6318
18.9325
19.1521
19.2908
19.3514
19.3391
19.2611
19.1262
18.9444
18.7266
18.4896
18.2515
18.0198
17.8003
17.5963
17.408
17.2355
17.0781
16.933
16.7989
16.6739
16.5564
16.4451
16.3372
16.2319
16.1282
16.0243
15.9195
15.8154
15.7104
15.6045
15.4983
15.3897
15.2815
15.1742
15.0661
15.0054
-4.82536
-4.47063
-4.09377
-3.69588
-3.28636
-2.8661
-2.43609
-1.98941
-1.5278
-1.0529
-0.566785
-0.0713704
0.437997
0.958248
1.48611
2.01811
2.55069
3.0802
3.60303
4.12081
4.62903
5.12417
5.60679
6.07356
6.52231
6.95243
7.36808
7.77452
8.1742
8.56585
8.95326
9.34709
9.75678
10.1902
10.6532
11.1497
11.681
12.2465
12.8429
13.4649
14.1053
14.7555
15.4053
16.0439
16.6602
17.2433
17.7827
18.2692
18.6948
19.0533
19.3405
19.5544
19.695
19.7645
19.7669
19.7083
19.5957
19.4376
19.2426
19.0253
18.8019
18.5793
18.3628
18.1561
17.9595
17.7737
17.5985
17.4319
17.2729
17.1206
16.974
16.8323
16.6933
16.5562
16.4209
16.2852
16.149
16.0143
15.8796
15.745
15.6111
15.4757
15.3419
15.2107
15.0796
15.0064
-4.82575
-4.4718
-4.09575
-3.69863
-3.28979
-2.87005
-2.44032
-1.99363
-1.53156
-1.05564
-0.567772
-0.0697056
0.443478
0.968979
1.50381
2.04485
2.58883
3.13247
3.67249
4.21104
4.74399
5.26811
5.78446
6.28987
6.78212
7.26035
7.72851
8.19136
8.64969
9.09904
9.54044
9.98302
10.4349
10.9027
11.3916
11.9048
12.4436
13.0074
13.5935
14.1975
14.8131
15.4331
16.0488
16.6511
17.2305
17.7777
18.2837
18.7406
19.1416
19.4813
19.756
19.9637
20.1044
20.1797
20.1929
20.1487
20.053
19.9126
19.7345
19.5313
19.3178
19.1001
18.8836
18.672
18.4657
18.266
18.0733
17.8859
17.7034
17.5256
17.352
17.1825
17.0148
16.8489
16.6848
16.5204
16.3556
16.1934
16.0319
15.8714
15.7126
15.5531
15.3963
15.2435
15.0916
15.0074
-4.82564
-4.47144
-4.09509
-3.69759
-3.28823
-2.8678
-2.43715
-1.98921
-1.52545
-1.04731
-0.556536
-0.0547436
0.463231
0.994814
1.53727
2.08772
2.64321
3.20072
3.75726
4.31544
4.87144
5.42226
5.96939
6.5098
7.0412
7.5625
8.0775
8.59053
9.10091
9.60142
10.0907
10.5766
11.066
11.5647
12.0771
12.606
13.1524
13.7159
14.2943
14.8838
15.4791
16.074
16.6612
17.2329
17.7811
18.2976
18.775
19.2064
19.5858
19.9086
20.1716
20.3729
20.5123
20.591
20.6114
20.5775
20.494
20.3662
20.2
20.0062
19.7983
19.5824
19.3633
19.145
18.9281
18.7142
18.5044
18.2971
18.0926
17.8911
17.6926
17.4976
17.304
17.1119
16.9217
16.7314
16.541
16.354
16.1684
15.9846
15.8036
15.6223
15.445
15.2728
15.1024
15.0083
-4.82512
-4.46986
-4.09233
-3.69351
-3.28269
-2.86061
-2.42806
-1.97789
-1.51148
-1.03016
-0.535584
-0.029234
0.494276
1.03256
1.58308
2.1432
2.71019
3.28126
3.85365
4.43038
5.00789
5.58335
6.15866
6.73086
7.29763
7.85763
8.41454
8.97234
9.52907
10.0751
10.607
11.1315
11.6545
12.181
12.7148
13.2582
13.8124
14.3768
14.9495
15.5275
16.1062
16.6804
17.2438
17.7897
18.3114
18.8019
19.2547
19.6639
20.0244
20.3321
20.5842
20.7788
20.9157
20.9957
21.0206
20.9935
20.9182
20.799
20.6405
20.4521
20.2467
20.0297
19.8061
19.5797
19.3516
19.1235
18.8969
18.6707
18.4455
18.222
18.0006
17.7822
17.5648
17.3489
17.1351
16.9213
16.7077
16.4984
16.2911
16.0864
15.8853
15.6846
15.4888
15.2992
15.1121
15.0091
-4.82429
-4.4673
-4.0879
-3.68703
-3.274
-2.8495
-2.41431
-1.96114
-1.49132
-1.00609
-0.507016
0.00451969
0.534114
1.07954
1.63843
2.20833
2.7867
3.37097
3.95855
4.55281
5.15042
5.7487
6.34987
6.95104
7.54983
8.14472
8.73926
9.33713
9.93527
10.5219
11.0918
11.6508
12.204
12.7557
13.309
13.8661
14.4279
14.9941
15.5629
16.1319
16.6972
17.2542
17.7977
18.322
18.8212
19.2895
19.7211
20.111
20.4549
20.749
20.9908
21.1787
21.3122
21.3918
21.4189
21.3958
21.3255
21.2115
21.0572
20.8712
20.6656
20.4454
20.2157
19.9803
19.7404
19.4981
19.2553
19.0111
18.7664
18.5224
18.2798
18.0399
17.8008
17.5631
17.3279
17.0928
16.8582
16.6287
16.4018
16.1782
15.959
15.7406
15.5282
15.3229
15.1208
15.0098
-4.8232
-4.46399
-4.08217
-3.67869
-3.26286
-2.83537
-2.39693
-1.94018
-1.46637
-0.976682
-0.472593
0.0445902
0.580659
1.13351
1.70094
2.28064
2.87022
3.46727
4.06938
4.68023
5.29665
5.91607
6.54103
7.16866
7.79655
8.42298
9.05142
9.68528
10.3205
10.9435
11.5475
12.1375
12.7178
13.2923
13.8635
14.4334
15.0028
15.5714
16.1379
16.6999
17.2543
17.7973
18.3242
18.8303
19.3105
19.7597
20.1731
20.5463
20.8753
21.1572
21.3894
21.5705
21.6998
21.7777
21.8051
21.7837
21.7159
21.6042
21.4515
21.2653
21.0572
20.8322
20.5951
20.35
20.0981
19.8418
19.5833
19.3219
19.0589
18.7958
18.5336
18.274
18.0148
17.7573
17.5025
17.248
16.9944
16.7465
16.5018
16.2611
16.0256
15.7913
15.5639
15.3444
15.1287
15.0104
-4.82193
-4.4601
-4.07546
-3.66892
-3.24986
-2.81893
-2.37681
-1.91603
-1.4378
-0.943252
-0.433781
0.0893675
0.632167
1.19263
1.76865
2.35806
2.95862
3.56803
4.18402
4.81054
5.44457
6.08363
6.73052
7.3824
8.0368
8.69183
9.35089
10.0172
10.6858
11.3414
11.976
12.5939
13.1987
13.7938
14.3816
14.9635
15.5404
16.1119
16.6771
17.2339
17.7797
18.3111
18.8243
19.3151
19.7791
20.212
20.6097
20.9682
21.2842
21.5549
21.7781
21.9524
22.0771
22.1522
22.1783
22.1568
22.0893
21.9778
21.8243
21.6359
21.4237
21.1926
20.9472
20.6919
20.4279
20.1578
19.8842
19.6066
19.3263
19.0454
18.765
18.487
18.2096
17.9339
17.6612
17.3889
17.1179
16.8534
16.5926
16.3364
16.0859
15.8373
15.5962
15.3639
15.1359
15.011
-4.82051
-4.45578
-4.06801
-3.65811
-3.23549
-2.80079
-2.35467
-1.88955
-1.4066
-0.906909
-0.391808
0.137509
0.687184
1.25532
1.83991
2.43889
3.05013
3.67145
4.30068
4.94202
5.59255
6.24988
6.91702
7.59117
8.26977
8.95081
9.63761
10.3332
11.0319
11.717
12.3791
13.0221
13.6492
14.2632
14.866
15.4593
16.0435
16.6184
17.1833
17.7363
18.2752
18.7972
19.299
19.7769
20.2272
20.6462
21.0302
21.3759
21.6803
21.9408
22.1555
22.323
22.4427
22.5142
22.5379
22.5148
22.4459
22.3327
22.1768
21.9845
21.767
21.5287
21.2744
21.0085
20.7324
20.449
20.1608
19.8677
19.5713
19.2737
18.9763
18.6815
18.3872
18.0947
17.8056
17.5172
17.2304
16.9506
16.6751
16.4047
16.1408
15.879
15.6255
15.3815
15.1424
15.0115
-4.819
-4.45117
-4.06006
-3.64656
-3.22016
-2.78146
-2.33113
-1.86146
-1.37359
-0.86857
-0.347695
0.187898
0.744502
1.32029
1.91336
2.52171
3.14331
3.77607
4.41791
5.07324
5.73924
6.41358
7.09947
7.79409
8.49485
9.1996
9.9116
10.6337
11.3596
12.0713
12.7583
13.4241
14.0713
14.7025
15.3194
15.9233
16.5146
17.0932
17.6585
18.2089
18.7425
19.2569
19.7491
20.2163
20.655
21.062
21.4342
21.7686
22.0625
22.3138
22.5205
22.6814
22.7957
22.863
22.8834
22.8574
22.7858
22.6696
22.5098
22.3125
22.0885
21.8424
21.5787
21.3022
21.0141
20.7176
20.4156
20.1078
19.7961
19.4829
19.1699
18.8594
18.5495
18.2416
17.9375
17.6342
17.3329
17.0392
16.7503
16.467
16.1908
15.917
15.6522
15.3976
15.1483
15.012
-4.81743
-4.44636
-4.05176
-3.63453
-3.2042
-2.76137
-2.30668
-1.83234
-1.33944
-0.829002
-0.302288
0.239605
0.803118
1.38649
1.98787
2.60534
3.23695
3.88067
4.5345
5.20304
5.88356
6.57374
7.27699
7.99049
8.71157
9.43798
10.1729
10.9191
11.6697
12.4054
13.1151
13.8015
14.4671
15.1141
15.7439
16.3577
16.9559
17.5385
18.1047
18.6534
19.183
19.6912
20.1757
20.6337
21.0626
21.4593
21.8212
22.1456
22.4303
22.673
22.8723
23.0267
23.1354
23.198
23.2144
23.1847
23.1094
22.989
22.8242
22.6208
22.3897
22.1352
21.862
21.5748
21.275
20.9658
20.6505
20.3288
20.0028
19.675
19.3474
19.0224
18.6981
18.376
18.058
17.7412
17.4265
17.1202
16.8189
16.5239
16.2364
15.9517
15.6766
15.4123
15.1537
15.0124
-4.81581
-4.44144
-4.04329
-3.62223
-3.1879
-2.74087
-2.28176
-1.80268
-1.30471
-0.788837
-0.25629
0.291863
0.862201
1.45301
2.0625
2.68881
3.33005
3.98425
4.64947
5.33048
6.02459
6.72956
7.44891
8.17982
8.91959
9.66582
10.4217
11.1898
11.9628
12.7204
13.4505
14.1557
14.8381
15.4996
16.1414
16.7645
17.3694
17.956
18.5237
19.0715
19.598
20.1013
20.5794
21.0298
21.4503
21.8382
22.1911
22.5067
22.783
23.018
23.2101
23.3582
23.4613
23.5189
23.5307
23.4965
23.4167
23.2914
23.1208
22.9107
22.6719
22.4088
22.1259
21.828
21.5168
21.1955
20.8675
20.5326
20.1931
19.8517
19.5104
19.172
18.8344
18.4993
18.1685
17.8391
17.5122
17.1942
16.8817
16.5759
16.2781
15.9835
15.6989
15.4258
15.1586
15.0128
-4.81419
-4.43648
-4.03474
-3.60985
-3.17149
-2.72024
-2.2567
-1.77289
-1.26987
-0.748599
-0.210283
0.344037
0.921065
1.51913
2.13649
2.77133
3.42179
4.08599
4.762
5.45476
6.16163
6.88038
7.61467
8.36168
9.11863
9.88304
10.6581
11.4462
12.2395
13.017
13.7659
14.4882
15.1859
15.8607
16.5135
17.1454
17.7567
18.3474
18.9169
19.4645
19.9888
20.4882
20.961
21.4051
21.8184
22.1987
22.5437
22.8516
23.1203
23.3481
23.5336
23.6755
23.773
23.8254
23.8322
23.7931
23.7081
23.5772
23.4003
23.183
22.9363
22.6642
22.3716
22.0634
21.741
21.4081
21.068
20.7207
20.3685
20.0144
19.6604
19.3095
18.9596
18.6124
18.2698
17.9289
17.5908
17.2621
16.9393
16.6235
16.3163
16.0125
15.7193
15.4381
15.1632
15.0132
-4.81257
-4.43154
-4.02624
-3.59753
-3.15516
-2.69972
-2.2318
-1.74331
-1.2353
-0.70872
-0.164744
0.395605
0.979149
1.58425
2.2092
2.85223
3.51153
4.18522
4.87145
5.57527
6.2941
7.02569
7.77386
8.53575
9.30853
10.0896
10.8822
11.6886
12.5005
13.2961
14.062
14.8
15.5117
16.1987
16.8619
17.502
18.1194
18.7142
19.2858
19.8335
20.3563
20.8527
21.3212
21.76
22.1672
22.5409
22.8791
23.18
23.4419
23.6631
23.8423
23.9784
24.0703
24.1173
24.1188
24.0745
23.984
23.8471
23.6635
23.4386
23.1837
22.9028
22.6006
22.2822
21.9491
21.605
21.2534
20.8944
20.5304
20.1643
19.7986
19.4361
19.0747
18.7163
18.3629
18.0114
17.663
17.3244
16.9921
16.6672
16.3513
16.0392
15.7381
15.4493
15.1673
15.0135
-4.81098
-4.42668
-4.01786
-3.58538
-3.13908
-2.67952
-2.20729
-1.71422
-1.20132
-0.669554
-0.120066
0.446138
1.03599
1.64788
2.28012
2.93099
3.5987
4.28141
4.97728
5.69151
6.42152
7.1651
7.92615
8.7018
9.48918
10.2856
11.0942
11.9173
12.7463
13.5584
14.3398
15.0921
15.8167
16.5149
17.1876
17.8355
18.4588
19.0576
19.6315
20.1798
20.7016
21.1957
21.6607
22.0951
22.4971
22.8651
23.1972
23.492
23.7476
23.9628
24.1361
24.2665
24.3529
24.3945
24.3907
24.3409
24.2446
24.1013
23.9108
23.6783
23.4151
23.1253
22.8138
22.4855
22.1421
21.7874
21.425
21.0549
20.6797
20.3026
19.9258
19.5526
19.1806
18.8119
18.4485
18.0872
17.7292
17.3816
17.0405
16.7073
16.3835
16.0637
15.7553
15.4597
15.1711
15.0138
-4.80942
-4.42192
-4.00967
-3.57352
-3.12337
-2.65979
-2.18337
-1.68583
-1.16819
-0.631391
-0.0765685
0.495287
1.09121
1.70961
2.34884
3.00718
3.68287
4.37412
5.07908
5.80308
6.54355
7.2983
8.07131
8.85969
9.66052
10.4711
11.2944
12.1328
12.9773
13.8046
14.6001
15.3655
16.1019
16.8105
17.4921
18.1472
18.7761
19.3788
19.9551
20.5043
21.0256
21.518
21.9801
22.4108
22.8084
23.1714
23.4982
23.7874
24.0375
24.2471
24.4149
24.5398
24.6208
24.6571
24.6478
24.5924
24.4902
24.3405
24.1429
23.9027
23.6313
23.3329
23.0122
22.6744
22.3212
21.9563
21.5837
21.2032
20.8176
20.4301
20.0431
19.6599
19.2781
18.8998
18.5272
18.1568
17.7901
17.4341
17.0851
16.7442
16.413
16.0861
15.771
15.4692
15.1746
15.0141
-4.8079
-4.41731
-4.00172
-3.56201
-3.10814
-2.64067
-2.16018
-1.65833
-1.13611
-0.594466
-0.0345124
0.542769
1.14451
1.76913
2.41501
3.08045
3.7637
4.46299
5.17651
5.90966
6.65991
7.42504
8.20914
9.0093
9.82254
10.646
11.4829
12.3353
13.194
14.0351
14.8437
15.621
16.3682
17.0864
17.7762
18.438
19.0723
19.6788
20.2575
20.8078
21.329
21.8201
22.28
22.7075
23.1014
23.4601
23.7823
24.0665
24.3115
24.5159
24.6785
24.7982
24.874
24.905
24.8904
24.8293
24.7211
24.565
24.3603
24.1124
23.833
23.5262
23.1967
22.8498
22.4872
22.1127
21.7304
21.3402
20.9448
20.5477
20.1511
19.7586
19.3678
18.9807
18.5995
18.2209
17.8461
17.4824
17.126
16.778
16.4401
16.1067
15.7855
15.4779
15.1778
15.0144
-4.80645
-4.41286
-3.99407
-3.55092
-3.09347
-2.62226
-2.13787
-1.63186
-1.10526
-0.55897
0.0058927
0.588356
1.19564
1.82618
2.47836
3.15051
3.84091
4.54777
5.2693
6.01101
6.77037
7.54515
8.33953
9.15057
9.97524
10.8107
11.6599
12.5252
13.3969
14.2506
15.071
15.8593
16.6165
17.3435
18.0408
18.709
19.3483
19.9586
20.5397
21.0912
21.6125
22.1027
22.5609
22.9858
23.3764
23.7314
24.0494
24.3293
24.5696
24.7692
24.927
25.0418
25.1126
25.1384
25.1185
25.0518
24.9377
24.7752
24.5635
24.3081
24.0209
23.7059
23.3679
23.0123
22.6408
22.2573
21.8659
21.4666
21.0621
20.656
20.2507
19.8496
19.4503
19.0551
18.666
18.2797
17.8975
17.5268
17.1635
16.8091
16.4651
16.1257
15.7988
15.4859
15.1808
15.0146
-4.80505
-4.40861
-3.98675
-3.54031
-3.07943
-2.60464
-2.11652
-1.60656
-1.07577
-0.525054
0.0444792
0.631864
1.2444
1.88054
2.53869
3.21717
3.91427
4.62823
5.35726
6.10695
6.87478
7.65852
8.46241
9.28348
10.1187
10.9651
11.8257
12.7027
13.5862
14.4515
15.2828
16.0812
16.8475
17.5826
18.2869
18.961
19.6049
20.2188
20.8024
21.3553
21.8769
22.3665
22.8232
23.246
23.6339
23.9856
24.3
24.5758
24.8119
25.0072
25.1604
25.2705
25.3365
25.3574
25.3323
25.2602
25.1402
24.9715
24.7529
24.4903
24.1955
23.8727
23.5266
23.1628
22.7829
22.3909
21.991
21.5831
21.1702
20.7557
20.3422
19.9332
19.5262
19.1234
18.7271
18.3338
17.9447
17.5675
17.198
16.8377
16.4879
16.1431
15.811
15.4933
15.1835
15.0148
-4.80373
-4.40456
-3.97978
-3.53022
-3.06607
-2.58789
-2.09622
-1.58251
-1.04775
-0.492838
0.0811146
0.673151
1.29065
1.93207
2.59581
3.28023
3.98361
4.7042
5.44022
6.19734
6.97303
7.76506
8.57772
9.40804
10.2529
11.1093
11.9804
12.8681
13.7625
14.6384
15.4796
16.2871
17.0618
17.8043
18.5151
19.1946
19.843
20.4603
21.0462
21.6005
22.1227
22.6119
23.0675
23.4886
23.8741
24.2229
24.534
24.8063
25.0386
25.2298
25.3788
25.4846
25.546
25.5622
25.532
25.4546
25.329
25.1542
24.929
24.6594
24.3574
24.027
23.6734
23.3017
22.9139
22.514
22.1062
21.6904
21.2696
20.8474
20.4263
20.01
19.5958
19.1862
18.7832
18.3833
17.988
17.6048
17.2296
16.8638
16.5089
16.159
15.8222
15.5
15.1859
15.015
-4.80247
-4.40073
-3.97319
-3.52068
-3.05345
-2.57205
-2.07704
-1.55978
-1.02127
-0.462415
0.115696
0.712106
1.33426
1.98062
2.64961
3.33957
4.04881
4.77557
5.51808
6.28208
7.06503
7.86471
8.68545
9.52426
10.378
11.2436
12.1242
13.0217
13.9261
14.8115
15.6618
16.4777
17.2599
18.0093
18.7261
19.4106
20.0632
20.6836
21.2719
21.8276
22.3504
22.8395
23.2942
23.7138
24.0973
24.4436
24.7519
25.021
25.2498
25.4373
25.5824
25.684
25.7411
25.7528
25.7178
25.6354
25.5043
25.3236
25.0922
24.8159
24.507
24.1696
23.8086
23.4297
23.0345
22.6272
22.212
21.7888
21.3608
20.9314
20.5034
20.0803
19.6596
19.2436
18.8345
18.4287
18.0276
17.6389
17.2585
16.8877
16.528
16.1735
15.8325
15.5062
15.1882
15.0152
-4.80129
-4.39713
-3.96699
-3.51171
-3.04158
-2.55716
-2.05902
-1.53844
-0.996416
-0.433857
0.148146
0.748643
1.37514
2.02612
2.69999
3.3951
4.10977
4.84225
5.59076
6.3611
7.15074
7.95744
8.78561
9.63219
10.494
11.3681
12.2573
13.1638
14.0771
14.9713
15.8298
16.6533
17.4426
18.1982
18.9204
19.6096
20.266
20.8895
21.4799
22.0371
22.5605
23.0496
23.5037
23.9221
24.3038
24.648
24.9537
25.2199
25.4456
25.6297
25.7712
25.8689
25.922
25.9294
25.8899
25.8026
25.6664
25.4802
25.2427
24.9601
24.6447
24.3006
23.9329
23.5472
23.1451
22.7309
22.3089
21.8789
21.4442
21.0083
20.5738
20.1446
19.7178
19.296
18.8813
18.4701
18.0637
17.6701
17.2849
16.9095
16.5455
16.1868
15.8418
15.5118
15.1903
15.0154
-4.80019
-4.39377
-3.96121
-3.50333
-3.0305
-2.54326
-2.04219
-1.51851
-0.973216
-0.407213
0.178409
0.782702
1.41323
2.06848
2.74686
3.44674
4.16642
4.90416
5.65819
6.43435
7.23013
8.04326
8.8782
9.73188
10.6011
11.4828
12.3799
13.2945
14.216
15.1181
15.9841
16.8145
17.6101
18.3714
19.0986
19.7921
20.452
21.0783
21.6709
22.2294
22.7535
23.2427
23.6964
24.1137
24.494
24.8363
25.1398
25.4034
25.6262
25.8072
25.9453
26.0396
26.0889
26.0922
26.0485
25.9567
25.8156
25.6241
25.381
25.0924
24.7709
24.4206
24.0467
23.6546
23.2462
22.8256
22.3973
21.9611
21.5202
21.0783
20.638
20.203
19.7708
19.3437
18.9239
18.5077
18.0966
17.6984
17.3089
16.9293
16.5614
16.1989
15.8503
15.5169
15.1921
15.0155
-4.79916
-4.39065
-3.95583
-3.49555
-3.02021
-2.53036
-2.02657
-1.50002
-0.951703
-0.382517
0.206447
0.814241
1.44849
2.10767
2.7902
3.49444
4.21871
4.96127
5.72034
6.50182
7.30318
8.12217
8.96326
9.82338
10.6993
11.5879
12.4921
13.414
14.3429
15.2522
16.1249
16.9616
17.7629
18.5293
19.2611
19.9585
20.6217
21.2506
21.8451
22.405
22.9299
23.4192
23.8725
24.289
24.668
25.0087
25.3102
25.5715
25.7917
25.9699
26.105
26.196
26.2418
26.2414
26.1937
26.0976
25.952
25.7556
25.5072
25.2131
24.886
24.53
24.1502
23.7523
23.338
22.9116
22.4775
22.0356
21.5891
21.1417
20.6961
20.256
19.8188
19.3869
18.9624
18.5418
18.1263
17.724
17.3306
16.9473
16.5757
16.2098
15.8579
15.5215
15.1938
15.0157
-4.79822
-4.38777
-3.95087
-3.48837
-3.01072
-2.51847
-2.01217
-1.48299
-0.93189
-0.359784
0.232241
0.843238
1.48088
2.14364
2.82995
3.53818
4.26662
5.01355
5.77719
6.56349
7.36991
8.19418
9.04083
9.90676
10.7887
11.6835
12.5941
13.5226
14.4582
15.3739
16.2526
17.095
17.9014
18.6725
19.4083
20.1093
20.7754
21.4067
22.0031
22.5642
23.0898
23.5794
24.0324
24.4483
24.8262
25.1655
25.4652
25.7245
25.9424
26.118
26.2503
26.3383
26.381
26.3771
26.3258
26.2258
26.0759
25.875
25.6217
25.3225
24.9902
24.6289
24.2438
23.8406
23.421
22.9892
22.5499
22.1029
21.6513
21.1989
20.7485
20.3038
19.8621
19.4257
18.9972
18.5725
18.1531
17.7471
17.3501
16.9634
16.5886
16.2196
15.8648
15.5257
15.1954
15.0158
-4.79735
-4.38513
-3.94632
-3.48179
-3.00202
-2.50757
-1.99899
-1.4674
-0.913773
-0.339013
0.255789
0.869687
1.5104
2.1764
2.86612
3.57792
4.31012
5.06099
5.82873
6.61935
7.4303
8.25932
9.11094
9.98206
10.8694
11.7697
12.6861
13.6205
14.5619
15.4834
16.3675
17.2149
18.0259
18.8011
19.5407
20.2448
20.9136
21.5471
22.1451
22.7074
23.2337
23.7236
24.1765
24.5917
24.9688
25.3068
25.605
25.8624
26.0783
26.2517
26.3815
26.4668
26.5065
26.4995
26.4448
26.3412
26.1875
25.9824
25.7247
25.4208
25.0838
24.7177
24.3278
23.9197
23.4953
23.0588
22.6148
22.1631
21.7069
21.2501
20.7953
20.3464
19.9007
19.4605
19.0282
18.5999
18.177
17.7677
17.3675
16.9778
16.6002
16.2284
15.871
15.5294
15.1967
15.0159
-4.79656
-4.38271
-3.94217
-3.47579
-2.99409
-2.49764
-1.987
-1.45323
-0.897328
-0.320185
0.277105
0.893597
1.53704
2.20593
2.89869
3.61367
4.34921
5.10357
5.87496
6.66941
7.48439
8.31761
9.17364
10.0494
10.9415
11.8467
12.7682
13.7077
14.6544
15.5809
16.4698
17.3216
18.1367
18.9156
19.6584
20.3654
21.0366
21.672
22.2715
22.8349
23.3619
23.852
24.3048
24.7196
25.0959
25.4328
25.7297
25.9856
26.1997
26.371
26.4986
26.5814
26.6185
26.6088
26.551
26.4442
26.287
26.0782
25.8165
25.5083
25.1671
24.7967
24.4024
23.99
23.5613
23.1205
22.6723
22.2164
21.7562
21.2954
20.8368
20.3843
19.9349
19.4913
19.0556
18.6241
18.1982
17.7859
17.383
16.9906
16.6104
16.2362
15.8764
15.5326
15.1979
15.016
-4.79584
-4.38051
-3.93839
-3.47032
-2.98689
-2.48864
-1.97614
-1.44044
-0.882506
-0.303256
0.296225
0.914994
1.56084
2.23225
2.92766
3.64543
4.38389
5.14129
5.91587
6.71368
7.53218
8.36907
9.22896
10.1087
11.005
11.9145
12.8404
13.7845
14.7357
15.6666
16.5597
17.4154
18.234
19.0162
19.7618
20.4713
21.1446
21.7817
22.3826
22.947
23.4746
23.965
24.4177
24.8322
25.2078
25.5438
25.8395
26.094
26.3065
26.4761
26.6017
26.6825
26.7172
26.705
26.6446
26.5348
26.3745
26.1624
25.8971
25.5852
25.2402
24.866
24.4679
24.0517
23.6191
23.1746
22.7227
22.2632
21.7994
21.3351
20.8731
20.4173
19.9649
19.5182
19.0797
18.6453
18.2167
17.8019
17.3964
17.0017
16.6193
16.243
15.8812
15.5355
15.199
15.0161
-4.79518
-4.37849
-3.93492
-3.46532
-2.98031
-2.48045
-1.96632
-1.42891
-0.869222
-0.288155
0.313204
0.933917
1.58181
2.25537
2.95304
3.67319
4.41414
5.17416
5.95147
6.75216
7.57368
8.41374
9.27694
10.1602
11.06
11.9733
12.9029
13.8509
14.806
15.7408
16.6374
17.4964
18.3182
19.103
19.8512
20.5628
21.2379
21.8766
22.4786
23.0439
23.572
24.0627
24.5154
24.9295
25.3046
25.6399
25.9346
26.1879
26.3991
26.5671
26.6911
26.7699
26.8027
26.7883
26.7255
26.6132
26.4502
26.2352
25.9668
25.6517
25.3033
24.9258
24.5244
24.1049
23.669
23.2212
22.7661
22.3034
21.8366
21.3693
20.9044
20.4458
19.9906
19.5414
19.1003
18.6636
18.2326
17.8156
17.4081
17.0113
16.627
16.2488
15.8853
15.538
15.1999
15.0161
-4.79454
-4.37657
-3.93164
-3.46062
-2.97418
-2.4729
-1.95734
-1.41849
-0.85734
-0.274778
0.328116
0.950414
1.59997
2.27529
2.97482
3.69693
4.43995
5.20215
5.98175
6.78486
7.60891
8.45162
9.31762
10.2037
11.1066
12.023
12.9558
13.9071
14.8655
15.8034
16.7031
17.5649
18.3892
19.1764
19.9267
20.6401
21.3168
21.9567
22.5598
23.1257
23.6544
24.1452
24.5979
25.0119
25.3865
25.7211
26.015
26.2674
26.4774
26.6442
26.7667
26.844
26.875
26.8587
26.794
26.6795
26.5142
26.2967
26.0256
25.7078
25.3566
24.9763
24.572
24.1497
23.7111
23.2605
22.8027
22.3374
21.8679
21.3981
20.9307
20.4698
20.0124
19.5609
19.1177
18.679
18.246
17.8271
17.4178
17.0194
16.6335
16.2537
15.8888
15.5401
15.2007
15.0162
-4.79388
-4.37456
-3.92825
-3.45586
-2.96812
-2.46561
-1.94889
-1.40892
-0.846667
-0.262996
0.341035
0.964516
1.61534
2.29201
2.99298
3.71664
4.46131
5.22525
6.00669
6.81175
7.63787
8.48274
9.351
10.2395
11.1448
12.0637
12.9992
13.9531
14.9142
15.8548
16.7569
17.6209
18.4474
19.2365
19.9884
20.7033
21.3813
22.0223
22.6262
23.1928
23.7218
24.2129
24.6656
25.0793
25.4536
25.7877
26.081
26.3326
26.5416
26.7073
26.8287
26.9047
26.9343
26.9165
26.8501
26.7339
26.5667
26.3471
26.0739
25.7537
25.4003
25.0176
24.611
24.1864
23.7455
23.2927
22.8326
22.3651
21.8935
21.4216
20.9522
20.4894
20.0301
19.5768
19.132
18.6915
18.2569
17.8366
17.4258
17.026
16.6388
16.2577
15.8916
15.5418
15.2013
15.0163
-4.79298
-4.37192
-3.92396
-3.45016
-2.96128
-2.45787
-1.94043
-1.39983
-0.836982
-0.252703
0.351985
0.976196
1.62784
2.30544
3.00745
3.73225
4.47815
5.24342
6.02627
6.83284
7.66055
8.50709
9.37712
10.2674
11.1747
12.0956
13.033
13.989
14.9522
15.8948
16.7988
17.6647
18.4928
19.2834
20.0366
20.7527
21.4316
22.0735
22.678
23.2451
23.7744
24.2657
24.7184
25.132
25.506
25.8398
26.1325
26.3835
26.5918
26.7567
26.8771
26.9521
26.9806
26.9616
26.8939
26.7763
26.6076
26.3864
26.1115
25.7895
25.4343
25.0498
24.6414
24.215
23.7723
23.3177
22.8559
22.3867
21.9134
21.4399
20.969
20.5046
20.0439
19.5892
19.143
18.7013
18.2655
17.8439
17.432
17.0311
16.6429
16.2609
15.8938
15.5431
15.2018
15.0163
-4.79094
-4.36652
-3.91625
-3.44119
-2.95185
-2.44845
-1.93123
-1.39088
-0.828208
-0.243978
0.360814
0.985279
1.63732
2.31546
3.01811
3.74366
4.49041
5.25661
6.04046
6.84809
7.67694
8.52468
9.39597
10.2876
11.1963
12.1185
13.0575
14.0149
14.9797
15.9237
16.8291
17.6962
18.5255
19.3172
20.0714
20.7883
21.4679
22.1103
22.7154
23.2828
23.8124
24.3037
24.7564
25.17
25.5438
25.8773
26.1696
26.4202
26.628
26.7923
26.912
26.9863
27.014
26.9942
26.9255
26.8069
26.6371
26.4148
26.1386
25.8154
25.4588
25.073
24.6633
24.2356
23.7916
23.3357
22.8727
22.4023
21.9278
21.4531
20.9811
20.5156
20.0538
19.5981
19.151
18.7083
18.2716
17.8492
17.4365
17.0348
16.6459
16.2631
15.8954
15.544
15.2021
15.0163
-4.7795
-4.34707
-3.89585
-3.423
-2.9367
-2.43612
-1.92116
-1.38249
-0.820955
-0.237432
0.366993
0.991341
1.64346
2.32181
3.0248
3.75077
4.49801
5.26476
6.04921
6.8575
7.68704
8.53551
9.40758
10.3001
11.2095
12.1327
13.0725
14.0309
14.9965
15.9415
16.8477
17.7156
18.5456
19.3379
20.0927
20.8101
21.4903
22.133
22.7383
23.306
23.8357
24.3271
24.7798
25.1934
25.5671
25.9004
26.1925
26.4427
26.6503
26.8142
26.9335
27.0073
27.0346
27.0142
26.945
26.8258
26.6553
26.4323
26.1553
25.8313
25.4739
25.0873
24.6768
24.2483
23.8035
23.3468
22.883
22.4118
21.9366
21.4612
20.9885
20.5224
20.0599
19.6036
19.1559
18.7126
18.2754
17.8524
17.4392
17.0371
16.6477
16.2645
15.8963
15.5446
15.2023
15.0163
-4.63934
-4.26599
-3.84988
-3.397
-2.92169
-2.42713
-1.91546
-1.37863
-0.818099
-0.235117
0.369035
0.993265
1.64536
2.32376
3.02683
3.75292
4.50031
5.26722
6.05185
6.86033
7.69008
8.53878
9.41108
10.3038
11.2135
12.1369
13.077
14.0357
15.0016
15.9468
16.8533
17.7214
18.5516
19.3442
20.0991
20.8167
21.497
22.1398
22.7452
23.3129
23.8427
24.3342
24.7869
25.2004
25.5741
25.9073
26.1994
26.4495
26.657
26.8207
26.94
27.0137
27.0408
27.0202
26.9508
26.8314
26.6608
26.4375
26.1603
25.836
25.4785
25.0916
24.6809
24.2521
23.807
23.3501
22.8861
22.4147
21.9392
21.4636
20.9907
20.5244
20.0617
19.6053
19.1573
18.7139
18.2765
17.8534
17.4401
17.0378
16.6482
16.2649
15.8966
15.5448
15.2024
15.0164
