0
0.0133333
0.027
0.0413333
0.056
0.071
0.0863333
0.102
0.118
0.134333
0.151333
0.168667
0.186333
0.204333
0.223
0.242
0.261667
0.281667
0.302333
0.323333
0.345
0.367
0.389667
0.413
0.436667
0.461
0.486
0.511667
0.538
0.565
0.592667
0.621
0.65
0.679667
0.71
0.741333
0.773333
0.806
0.839333
0.872667
0.906
0.939333
0.972667
1.006
1.03933
1.07267
1.106
1.13933
1.17267
1.206
1.23933
1.27167
1.30333
1.334
1.364
1.39333
1.42167
1.44933
1.47633
1.50267
1.52833
1.55333
1.57767
1.60167
1.625
1.64767
1.66967
1.69133
1.71233
1.733
1.753
1.77267
1.79167
1.81033
1.82833
1.846
1.86333
1.88
1.89633
1.91233
1.928
1.943
1.95767
1.972
1.986
1.99967
2
