0
0.0133333
0.0268889
0.0408889
0.0551111
0.0695556
0.0842222
0.0991111
0.114222
0.129556
0.145111
0.160889
0.177111
0.193556
0.210222
0.227111
0.244444
0.262
0.279778
0.297778
0.316222
0.334889
0.354
0.373333
0.392889
0.412889
0.433111
0.453778
0.474889
0.496222
0.518
0.54
0.562444
0.585333
0.608444
0.632
0.656
0.680444
0.705333
0.730444
0.756
0.782
0.808444
0.835333
0.862667
0.890444
0.918667
0.947333
0.976667
1.00644
1.03667
1.06733
1.09867
1.13044
1.16267
1.19556
1.22889
1.26222
1.29556
1.32889
1.36222
1.39556
1.42889
1.46222
1.49556
1.52889
1.56222
1.59556
1.62889
1.66222
1.69556
1.72889
1.76222
1.79556
1.82889
1.86178
1.894
1.92578
1.95711
1.98778
2.018
2.04778
2.07689
2.10556
2.13378
2.16156
2.18889
2.21578
2.24222
2.26822
2.29378
2.31889
2.34356
2.36778
2.39156
2.41511
2.43822
2.46089
2.48311
2.50511
2.52667
2.54778
2.56867
2.58911
2.60933
2.62911
2.64867
2.66778
2.68667
2.70511
2.72333
2.74133
2.75889
2.77622
2.79333
2.81
2.82644
2.84267
2.85867
2.87444
2.88978
2.90489
2.91978
2.93444
2.94889
2.96311
2.97711
2.99089
3
