0.00666667
0.0201667
0.0341667
0.0486667
0.0635
0.0786667
0.0941667
0.11
0.126167
0.142833
0.16
0.1775
0.195333
0.213667
0.2325
0.251833
0.271667
0.292
0.312833
0.334167
0.356
0.378333
0.401333
0.424833
0.448833
0.4735
0.498833
0.524833
0.5515
0.578833
0.606833
0.6355
0.664833
0.694833
0.725667
0.757333
0.789667
0.822667
0.856
0.889333
0.922667
0.956
0.989333
1.02267
1.056
1.08933
1.12267
1.156
1.18933
1.22267
1.2555
1.2875
1.31867
1.349
1.37867
1.4075
1.4355
1.46283
1.4895
1.5155
1.54083
1.5655
1.58967
1.61333
1.63633
1.65867
1.6805
1.70183
1.72267
1.743
1.76283
1.78217
1.801
1.81933
1.83717
1.85467
1.87167
1.88817
1.90433
1.92017
1.9355
1.95033
1.96483
1.979
1.99283
1.99983
