0.00666667
0.0201111
0.0338889
0.048
0.0623333
0.0768889
0.0916667
0.106667
0.121889
0.137333
0.153
0.169
0.185333
0.201889
0.218667
0.235778
0.253222
0.270889
0.288778
0.307
0.325556
0.344444
0.363667
0.383111
0.402889
0.423
0.443444
0.464333
0.485556
0.507111
0.529
0.551222
0.573889
0.596889
0.620222
0.644
0.668222
0.692889
0.717889
0.743222
0.769
0.795222
0.821889
0.849
0.876556
0.904556
0.933
0.962
0.991556
1.02156
1.052
1.083
1.11456
1.14656
1.17911
1.21222
1.24556
1.27889
1.31222
1.34556
1.37889
1.41222
1.44556
1.47889
1.51222
1.54556
1.57889
1.61222
1.64556
1.67889
1.71222
1.74556
1.77889
1.81222
1.84533
1.87789
1.90989
1.94144
1.97244
2.00289
2.03289
2.06233
2.09122
2.11967
2.14767
2.17522
2.20233
2.229
2.25522
2.281
2.30633
2.33122
2.35567
2.37967
2.40333
2.42667
2.44956
2.472
2.49411
2.51589
2.53722
2.55822
2.57889
2.59922
2.61922
2.63889
2.65822
2.67722
2.69589
2.71422
2.73233
2.75011
2.76756
2.78478
2.80167
2.81822
2.83456
2.85067
2.86656
2.88211
2.89733
2.91233
2.92711
2.94167
2.956
2.97011
2.984
2.99544
