-4.44062
-3.31371
-2.16362
-0.994667
0.17923
1.35312
2.5217
3.67937
4.82012
5.93778
7.02591
8.08491
9.1066
10.0762
10.9864
11.8349
12.6126
13.3063
13.9086
14.4152
14.8173
15.1064
15.2744
15.3139
15.2194
14.9851
14.6059
14.0749
13.3912
12.5541
11.5642
10.4241
9.1315
7.69861
6.13429
4.44152
2.63278
0.723248
-1.25999
-3.29575
-5.36966
-7.45588
-9.52628
-11.5504
-13.4963
-15.3303
-17.0182
-18.5308
-19.8313
-20.88
-21.6454
-22.1006
-22.2176
-21.9745
-21.3552
-20.3488
-18.968
-17.2425
-15.2019
-12.8815
-10.3243
-7.57547
-4.68375
-1.70319
1.31313
4.31156
7.23622
10.0354
12.66
15.0618
17.1996
19.037
20.5423
21.6915
22.4638
22.8547
22.8805
22.5625
21.9277
21.0082
19.8341
18.4455
16.8796
15.1671
13.344
11.445
9.50263
7.54831
5.61193
3.71944
1.89548
0.16037
-1.46775
-2.97308
-4.34961
-5.58723
-6.67112
-7.59694
-8.36652
-8.97768
-9.42795
-9.72251
-9.86427
-9.85754
-9.70784
-9.42163
-9.00645
-8.47018
-7.82136
-7.06936
-6.21757
-5.27963
-4.26503
-3.17666
-2.02948
-0.833414
0.412687
1.6999
3.02174
4.3607
5.71003
7.0728
8.44303
9.8151
11.1827
12.5419
13.888
15
