4.99555
4.98657
4.97737
4.96795
4.95838
4.94866
4.9388
4.92878
4.91862
4.90831
4.89784
4.88716
4.87626
4.8652
4.854
4.84258
4.83093
4.81913
4.80719
4.79502
4.78263
4.77002
4.75719
4.7442
4.731
4.71757
4.70392
4.68997
4.6758
4.66141
4.6468
4.63196
4.61682
4.60147
4.58589
4.57001
4.55384
4.53737
4.52068
4.50376
4.48655
4.46904
4.45124
4.43314
4.41474
4.39604
4.37705
4.35769
4.33796
4.31792
4.2976
4.2769
4.25583
4.23446
4.21273
4.19062
4.16836
4.14611
4.12385
4.10159
4.07934
4.05709
4.03483
4.01257
3.99032
3.96806
3.9458
3.92355
3.90129
3.87904
3.85678
3.83452
3.81227
3.79001
3.76791
3.74617
3.7248
3.70374
3.68304
3.66271
3.64268
3.62302
3.60373
3.58474
3.56604
3.54765
3.52954
3.51174
3.49423
3.47702
3.46011
3.44349
3.42716
3.41114
3.39534
3.37976
3.36447
3.34949
3.33473
3.32019
3.30595
3.29192
3.27812
3.26455
3.2512
3.23806
3.22516
3.21247
3.2
3.18777
3.17567
3.1638
3.15215
3.14065
3.12938
3.11833
3.10742
3.09666
3.08605
3.07567
3.06551
3.05549
3.04562
3.0359
3.02633
3.01691
3.00764
3
