1	0.0230411
2	0.0154739
3	0.012242
4	0.0104027
5	0.00918218
6	0.00829878
7	0.00761654
8	0.00706746
9	0.00661505
10	0.00623092
11	0.00590052
12	0.00561409
13	0.00536231
14	0.0051392
15	0.00494067
16	0.00476374
17	0.00460373
18	0.00445803
19	0.0043242
20	0.00420112
21	0.00408766
22	0.00398231
23	0.00388408
24	0.00379197
25	0.00370528
26	0.00362359
27	0.00354686
28	0.00347469
29	0.00340632
30	0.00334158
31	0.00328008
32	0.00322161
33	0.00316595
34	0.00311292
35	0.00306226
36	0.00301397
37	0.0029679
38	0.0029237
39	0.00288137
40	0.00284068
41	0.00280158
42	0.00276393
43	0.00272773
44	0.00269284
45	0.00265929
46	0.00262692
47	0.00259569
48	0.00256558
49	0.00253662
50	0.00250865
51	0.00248158
52	0.00245536
53	0.00242993
54	0.0024053
55	0.00238144
56	0.00235826
57	0.00233581
58	0.00231403
59	0.00229288
60	0.00227231
61	0.00225229
62	0.0022328
63	0.00221382
64	0.00219535
65	0.00217741
66	0.00215998
67	0.00214299
68	0.00212638
69	0.00211017
70	0.00209434
71	0.0020789
72	0.00206385
73	0.00204914
74	0.00203474
75	0.00202064
76	0.00200686
77	0.00199338
78	0.00198019
79	0.00196726
80	0.00195458
81	0.00194217
82	0.00193001
83	0.00191809
84	0.00190639
85	0.00189491
86	0.00188366
87	0.0018726
88	0.00186173
89	0.00185106
90	0.00184056
91	0.00183024
92	0.0018201
93	0.00181011
94	0.00180028
95	0.00179061
96	0.00178108
97	0.00177168
98	0.00176244
99	0.00175333
100	0.00174435
101	0.00173549
102	0.00172675
103	0.00171813
104	0.00170963
105	0.00170125
106	0.00169297
107	0.0016848
108	0.00167674
109	0.00166879
110	0.00166094
111	0.0016532
112	0.00164555
113	0.00163798
114	0.00163053
115	0.00162316
116	0.00161589
117	0.0016087
118	0.0016016
119	0.00159458
120	0.00158766
121	0.00158081
122	0.00157405
123	0.00156737
124	0.00156076
125	0.00155423
126	0.00154778
127	0.0015414
128	0.0015351
129	0.00152887
130	0.00152271
131	0.00151661
132	0.0015106
133	0.00150465
134	0.00149876
135	0.00149294
136	0.00148718
137	0.00148149
138	0.00147586
139	0.00147028
140	0.00146477
141	0.00145932
142	0.00145393
143	0.00144861
144	0.00144333
145	0.00143811
146	0.00143295
147	0.00142784
148	0.00142279
149	0.00141779
150	0.00141284
151	0.00140794
152	0.00140308
153	0.00139828
154	0.00139354
155	0.00138883
156	0.00138418
157	0.00137957
158	0.001375
159	0.00137049
160	0.00136601
161	0.00136158
162	0.00135721
163	0.00135287
164	0.00134857
165	0.00134432
166	0.00134011
167	0.00133594
168	0.00133181
169	0.00132773
170	0.00132368
171	0.00131968
172	0.00131571
173	0.00131178
174	0.00130788
175	0.00130403
176	0.00130021
177	0.00129643
178	0.00129268
179	0.00128896
180	0.00128529
181	0.00128164
182	0.00127804
183	0.00127446
184	0.00127093
185	0.00126742
186	0.00126395
187	0.00126052
188	0.00125711
189	0.00125373
190	0.00125038
191	0.00124707
192	0.00124378
193	0.00124053
194	0.0012373
195	0.0012341
196	0.00123093
197	0.00122779
198	0.00122467
199	0.00122159
200	0.00121854
201	0.00121552
202	0.00121252
203	0.00120955
204	0.0012066
205	0.00120368
206	0.00120078
207	0.00119791
208	0.00119506
209	0.00119224
210	0.00118944
211	0.00118667
212	0.00118393
213	0.00118121
214	0.00117851
215	0.00117584
216	0.0011732
217	0.00117057
218	0.00116798
219	0.0011654
220	0.00116285
221	0.00116032
222	0.00115781
223	0.00115533
224	0.00115287
225	0.00115043
226	0.00114801
227	0.00114562
228	0.00114324
229	0.00114088
230	0.00113854
231	0.00113622
232	0.00113393
233	0.00113164
234	0.00112938
235	0.00112714
236	0.00112492
237	0.00112272
238	0.00112053
239	0.00111836
240	0.0011162
241	0.00111407
242	0.00111195
243	0.00110985
244	0.00110777
245	0.0011057
246	0.00110365
247	0.00110161
248	0.0010996
249	0.00109761
250	0.00109563
251	0.00109367
252	0.00109172
253	0.00108979
254	0.00108788
255	0.00108599
256	0.00108411
257	0.00108225
258	0.0010804
259	0.00107857
260	0.00107675
261	0.00107494
262	0.00107315
263	0.00107138
264	0.00106963
265	0.00106789
266	0.00106615
267	0.00106443
268	0.00106272
269	0.00106103
270	0.00105935
271	0.00105768
272	0.00105604
273	0.0010544
274	0.00105278
275	0.00105117
276	0.00104958
277	0.00104799
278	0.00104642
279	0.00104487
280	0.00104332
281	0.00104179
282	0.00104027
283	0.00103875
284	0.00103725
285	0.00103577
286	0.00103429
287	0.00103283
288	0.00103138
289	0.00102995
290	0.00102852
291	0.00102711
292	0.00102571
293	0.00102432
294	0.00102294
295	0.00102157
296	0.00102021
297	0.00101887
298	0.00101753
299	0.0010162
300	0.00101488
301	0.00101357
302	0.00101227
303	0.00101099
304	0.00100971
305	0.00100845
306	0.00100719
307	0.00100595
308	0.00100471
309	0.00100349
310	0.00100227
311	0.00100107
312	0.000999871
313	0.000998684
314	0.000997504
315	0.000996339
316	0.000995177
317	0.000994032
318	0.000992893
319	0.000991757
320	0.000990635
321	0.000989519
322	0.000988412
323	0.000987313
324	0.000986224
325	0.000985145
326	0.000984077
327	0.000983018
328	0.000981964
329	0.000980924
330	0.000979886
331	0.000978856
332	0.000977832
333	0.00097682
334	0.000975814
335	0.000974818
336	0.000973829
337	0.000972848
338	0.000971876
339	0.000970908
340	0.000969949
341	0.000969001
342	0.000968059
343	0.000967128
344	0.000966199
345	0.000965281
346	0.000964365
347	0.000963459
348	0.000962561
349	0.000961669
350	0.000960784
351	0.000959906
352	0.000959035
353	0.000958176
354	0.00095732
355	0.000956474
356	0.000955631
357	0.000954793
358	0.000953964
359	0.000953143
360	0.000952328
361	0.000951517
362	0.000950714
363	0.000949919
364	0.000949131
365	0.000948348
366	0.000947573
367	0.0009468
368	0.000946036
369	0.000945275
370	0.000944524
371	0.000943781
372	0.000943038
373	0.000942303
374	0.000941578
375	0.000940854
376	0.000940139
377	0.000939425
378	0.000938717
379	0.000938016
380	0.000937323
381	0.00093663
382	0.000935941
383	0.000935255
384	0.000934575
385	0.000933903
386	0.000933232
387	0.000932563
388	0.000931897
389	0.000931241
390	0.000930583
391	0.000929932
392	0.00092928
393	0.000928637
394	0.000927996
395	0.000927355
396	0.000926718
397	0.000926084
398	0.000925455
399	0.000924827
400	0.000924202
401	0.000923583
402	0.000922961
403	0.000922345
404	0.00092173
405	0.000921118
406	0.000920508
407	0.000919903
408	0.000919295
409	0.00091869
410	0.000918089
411	0.00091749
412	0.000916889
413	0.000916294
414	0.000915699
415	0.000915106
416	0.000914514
417	0.000913922
418	0.000913335
419	0.000912747
420	0.000912158
421	0.000911574
422	0.000910993
423	0.000910412
424	0.000909829
425	0.000909252
426	0.000908674
427	0.000908099
428	0.000907523
429	0.00090695
430	0.000906378
431	0.000905807
432	0.000905239
433	0.000904668
434	0.0009041
435	0.000903537
436	0.000902971
437	0.000902409
438	0.000901847
439	0.000901286
440	0.000900724
441	0.000900165
442	0.000899609
443	0.000899052
444	0.000898497
445	0.000897941
446	0.000897387
447	0.000896834
448	0.000896282
449	0.000895732
450	0.000895184
451	0.000894636
452	0.000894087
453	0.000893541
454	0.000892994
455	0.000892455
456	0.000891913
457	0.000891369
458	0.000890829
459	0.000890288
460	0.000889752
461	0.000889212
462	0.000888676
463	0.000888139
464	0.000887608
465	0.000887071
466	0.000886541
467	0.000886011
468	0.000885481
469	0.000884954
470	0.000884428
471	0.0008839
472	0.000883374
473	0.000882848
474	0.000882323
475	0.000881802
476	0.000881279
477	0.00088076
478	0.000880241
479	0.000879723
480	0.000879204
481	0.000878691
482	0.000878176
483	0.000877659
484	0.000877149
485	0.000876637
486	0.000876129
487	0.000875617
488	0.000875111
489	0.000874602
490	0.000874097
491	0.000873589
492	0.000873086
493	0.000872584
494	0.000872083
495	0.00087158
496	0.000871081
497	0.000870583
498	0.000870083
499	0.000869586
500	0.000869091
501	0.000868598
502	0.000868099
503	0.000867611
504	0.000867118
505	0.000866626
506	0.000866138
507	0.000865651
508	0.000865161
509	0.000864678
510	0.000864189
511	0.000863705
512	0.000863223
513	0.000862743
514	0.00086226
515	0.000861783
516	0.000861301
517	0.000860821
518	0.000860345
519	0.000859872
520	0.000859394
521	0.000858921
522	0.000858447
523	0.000857978
524	0.000857504
525	0.000857037
526	0.000856568
527	0.000856097
528	0.00085563
529	0.000855167
530	0.000854702
531	0.000854237
532	0.000853775
533	0.000853311
534	0.000852852
535	0.000852391
536	0.000851933
537	0.000851476
538	0.000851019
539	0.000850562
540	0.000850108
541	0.000849652
542	0.0008492
543	0.000848747
544	0.000848299
545	0.000847846
546	0.000847401
547	0.000846952
548	0.000846503
549	0.000846059
550	0.000845615
551	0.000845169
552	0.000844728
553	0.000844284
554	0.000843843
555	0.000843402
556	0.000842966
557	0.000842524
558	0.000842087
559	0.000841656
560	0.000841219
561	0.000840785
562	0.00084035
563	0.000839918
564	0.000839486
565	0.000839057
566	0.000838628
567	0.0008382
568	0.00083777
569	0.000837346
570	0.00083692
571	0.000836495
572	0.000836074
573	0.000835652
574	0.000835226
575	0.000834804
576	0.000834386
577	0.00083397
578	0.000833551
579	0.000833133
580	0.000832717
581	0.000832304
582	0.000831888
583	0.000831475
584	0.000831065
585	0.000830652
586	0.000830243
587	0.000829835
588	0.000829422
589	0.000829015
590	0.000828609
591	0.000828202
592	0.000827796
593	0.000827392
594	0.000826992
595	0.000826591
596	0.000826187
597	0.00082579
598	0.000825388
599	0.000824992
600	0.000824593
601	0.000824195
602	0.000823803
603	0.000823406
604	0.000823013
605	0.00082262
606	0.000822226
607	0.000821834
608	0.000821447
609	0.000821056
610	0.000820668
611	0.000820278
612	0.000819893
613	0.000819506
614	0.000819122
615	0.000818739
616	0.000818357
617	0.000817972
618	0.00081759
619	0.000817208
620	0.000816832
621	0.00081645
622	0.000816075
623	0.000815696
624	0.000815319
625	0.000814944
626	0.000814572
627	0.000814199
628	0.000813822
629	0.000813451
630	0.000813081
631	0.000812709
632	0.00081234
633	0.000811974
634	0.000811604
635	0.000811238
636	0.000810873
637	0.000810509
638	0.000810141
639	0.000809779
640	0.000809416
641	0.000809053
642	0.000808694
643	0.000808336
644	0.000807973
645	0.000807617
646	0.000807259
647	0.000806901
648	0.000806548
649	0.000806193
650	0.000805836
651	0.000805483
652	0.000805133
653	0.000804779
654	0.000804425
655	0.000804075
656	0.000803725
657	0.000803377
658	0.000803031
659	0.000802683
660	0.000802339
661	0.000801989
662	0.000801646
663	0.000801305
664	0.00080096
665	0.000800617
666	0.000800277
667	0.000799937
668	0.000799596
669	0.000799258
670	0.000798919
671	0.000798579
672	0.000798243
673	0.000797907
674	0.000797573
675	0.000797238
676	0.000796906
677	0.000796572
678	0.00079624
679	0.000795909
680	0.000795578
681	0.000795248
682	0.000794919
683	0.000794593
684	0.000794263
685	0.000793938
686	0.00079361
687	0.000793286
688	0.000792963
689	0.000792643
690	0.000792317
691	0.000791993
692	0.000791672
693	0.000791353
694	0.000791031
695	0.000790712
696	0.000790397
697	0.000790075
698	0.000789759
699	0.000789445
700	0.000789129
701	0.000788813
702	0.0007885
703	0.000788186
704	0.000787875
705	0.000787561
706	0.000787252
707	0.000786941
708	0.00078663
709	0.000786323
710	0.000786016
711	0.000785707
712	0.000785399
713	0.000785095
714	0.000784789
715	0.000784484
716	0.000784181
717	0.000783877
718	0.000783575
719	0.000783272
720	0.000782972
721	0.000782672
722	0.000782373
723	0.000782075
724	0.000781775
725	0.000781476
726	0.000781182
727	0.000780888
728	0.000780589
729	0.000780297
730	0.000780004
731	0.000779708
732	0.000779414
733	0.000779123
734	0.000778833
735	0.00077854
736	0.000778252
737	0.000777962
738	0.000777674
739	0.000777385
740	0.0007771
741	0.000776813
742	0.000776527
743	0.000776239
744	0.000775953
745	0.000775673
746	0.000775389
747	0.000775106
748	0.000774824
749	0.000774544
750	0.000774264
751	0.000773983
752	0.000773704
753	0.000773425
754	0.00077315
755	0.000772871
756	0.000772591
757	0.000772317
758	0.000772043
759	0.000771765
760	0.000771492
761	0.000771221
762	0.000770946
763	0.000770675
764	0.000770403
765	0.000770133
766	0.000769862
767	0.000769592
768	0.000769324
769	0.000769057
770	0.000768786
771	0.000768522
772	0.000768255
773	0.000767987
774	0.000767723
775	0.000767458
776	0.000767193
777	0.000766929
778	0.00076667
779	0.000766405
780	0.000766144
781	0.000765882
782	0.000765623
783	0.000765362
784	0.000765102
785	0.000764847
786	0.000764589
787	0.000764332
788	0.000764076
789	0.000763816
790	0.000763564
791	0.000763306
792	0.000763052
793	0.0007628
794	0.000762547
795	0.000762294
796	0.000762042
797	0.000761794
798	0.000761544
799	0.000761291
800	0.00076104
801	0.00076079
802	0.000760543
803	0.000760297
804	0.000760049
805	0.000759799
806	0.000759556
807	0.00075931
808	0.000759065
809	0.000758823
810	0.000758576
811	0.000758333
812	0.000758092
813	0.000757849
814	0.000757607
815	0.000757367
816	0.000757126
817	0.000756889
818	0.000756645
819	0.00075641
820	0.000756171
821	0.000755934
822	0.000755696
823	0.000755458
824	0.000755222
825	0.00075499
826	0.000754754
827	0.00075452
828	0.000754287
829	0.000754054
830	0.000753822
831	0.000753591
832	0.000753358
833	0.000753125
834	0.000752895
835	0.000752664
836	0.000752438
837	0.000752212
838	0.00075198
839	0.000751754
840	0.000751526
841	0.000751298
842	0.000751071
843	0.000750848
844	0.000750621
845	0.000750397
846	0.000750178
847	0.000749954
848	0.000749726
849	0.000749506
850	0.000749282
851	0.000749061
852	0.000748842
853	0.000748621
854	0.000748401
855	0.000748183
856	0.000747964
857	0.000747745
858	0.000747528
859	0.000747312
860	0.000747092
861	0.000746876
862	0.000746662
863	0.000746445
864	0.000746229
865	0.000746018
866	0.000745802
867	0.000745592
868	0.000745379
869	0.000745166
870	0.000744955
871	0.000744743
872	0.000744532
873	0.000744322
874	0.000744115
875	0.000743902
876	0.000743692
877	0.000743486
878	0.000743278
879	0.00074307
880	0.000742866
881	0.000742657
882	0.000742453
883	0.000742246
884	0.00074204
885	0.000741834
886	0.000741635
887	0.000741432
888	0.000741226
889	0.000741025
890	0.000740822
891	0.000740618
892	0.000740418
893	0.000740219
894	0.000740019
895	0.00073982
896	0.00073962
897	0.00073942
898	0.000739223
899	0.000739024
900	0.000738827
901	0.00073863
902	0.000738435
903	0.000738238
904	0.000738045
905	0.000737849
906	0.000737656
907	0.000737461
908	0.000737266
909	0.000737073
910	0.000736883
911	0.00073669
912	0.000736497
913	0.000736307
914	0.000736114
915	0.000735922
916	0.000735732
917	0.000735543
918	0.000735354
919	0.000735167
920	0.000734977
921	0.000734792
922	0.000734604
923	0.000734416
924	0.000734229
925	0.000734045
926	0.000733858
927	0.000733673
928	0.000733489
929	0.000733303
930	0.000733121
931	0.000732936
932	0.000732751
933	0.000732569
934	0.000732386
935	0.000732206
936	0.000732024
937	0.000731843
938	0.000731663
939	0.000731485
940	0.000731306
941	0.000731126
942	0.000730944
943	0.000730766
944	0.000730592
945	0.000730411
946	0.000730233
947	0.000730059
948	0.000729881
949	0.000729707
950	0.000729531
951	0.000729356
952	0.000729177
953	0.000729004
954	0.000728833
955	0.000728662
956	0.000728487
957	0.000728315
958	0.000728142
959	0.000727971
960	0.000727798
961	0.000727625
962	0.000727455
963	0.000727286
964	0.000727117
965	0.000726946
966	0.000726781
967	0.000726609
968	0.000726441
969	0.000726274
970	0.000726104
971	0.00072594
972	0.000725771
973	0.000725604
974	0.00072544
975	0.000725273
976	0.000725111
977	0.000724945
978	0.00072478
979	0.000724618
980	0.000724455
981	0.000724289
982	0.000724125
983	0.000723962
984	0.000723802
985	0.000723637
986	0.000723477
987	0.00072332
988	0.000723159
989	0.000722997
990	0.000722835
991	0.000722678
992	0.000722518
993	0.000722359
994	0.000722202
995	0.000722044
996	0.000721886
997	0.000721728
998	0.000721573
999	0.000721414
1000	0.000721258
1001	0.000721103
1002	0.000720946
1003	0.000720792
1004	0.000720638
1005	0.00072048
1006	0.000720329
1007	0.000720174
1008	0.000720025
1009	0.000719871
1010	0.000719718
1011	0.000719566
1012	0.000719412
1013	0.000719263
1014	0.000719113
1015	0.00071896
1016	0.00071881
1017	0.000718658
1018	0.000718509
1019	0.000718362
1020	0.000718211
1021	0.000718063
1022	0.000717915
1023	0.000717764
1024	0.000717618
1025	0.00071747
1026	0.000717323
1027	0.000717177
1028	0.000717031
1029	0.000716886
1030	0.000716739
1031	0.000716597
1032	0.000716449
1033	0.000716307
1034	0.000716161
1035	0.000716016
1036	0.000715875
1037	0.00071573
1038	0.000715586
1039	0.000715443
1040	0.000715301
1041	0.000715161
1042	0.000715017
1043	0.000714878
1044	0.000714738
1045	0.000714595
1046	0.000714457
1047	0.000714317
1048	0.000714175
1049	0.000714036
1050	0.000713899
1051	0.000713762
1052	0.00071362
1053	0.000713483
1054	0.000713349
1055	0.000713207
1056	0.000713073
1057	0.000712934
1058	0.000712797
1059	0.000712662
1060	0.000712526
1061	0.00071239
1062	0.000712258
1063	0.000712123
1064	0.000711986
1065	0.00071185
1066	0.000711718
1067	0.000711585
1068	0.000711451
1069	0.00071132
1070	0.000711186
1071	0.000711053
1072	0.000710925
1073	0.000710789
1074	0.000710659
1075	0.000710528
1076	0.000710399
1077	0.000710267
1078	0.000710135
1079	0.000710006
1080	0.000709876
1081	0.000709748
1082	0.000709619
1083	0.000709489
1084	0.000709362
1085	0.000709232
1086	0.000709102
1087	0.000708979
1088	0.000708849
1089	0.000708724
1090	0.000708597
1091	0.000708471
1092	0.000708343
1093	0.000708216
1094	0.000708092
1095	0.000707969
1096	0.000707845
1097	0.000707717
1098	0.000707593
1099	0.00070747
1100	0.000707349
1101	0.000707224
1102	0.000707102
1103	0.000706976
1104	0.000706854
1105	0.000706733
1106	0.00070661
1107	0.00070649
1108	0.000706367
1109	0.000706247
1110	0.000706126
1111	0.000706004
1112	0.000705886
1113	0.000705763
1114	0.000705644
1115	0.000705527
1116	0.000705407
1117	0.000705288
1118	0.000705168
1119	0.00070505
1120	0.000704932
1121	0.000704818
1122	0.000704695
1123	0.000704579
1124	0.000704461
1125	0.000704344
1126	0.00070423
1127	0.000704114
1128	0.000703995
1129	0.000703883
1130	0.000703765
1131	0.00070365
1132	0.000703536
1133	0.000703421
1134	0.000703306
1135	0.000703194
1136	0.000703079
1137	0.000702967
1138	0.000702853
1139	0.000702739
1140	0.000702624
1141	0.000702514
1142	0.000702402
1143	0.00070229
1144	0.00070218
1145	0.000702067
1146	0.000701957
1147	0.000701845
1148	0.000701735
1149	0.000701624
1150	0.000701514
1151	0.000701404
1152	0.000701295
1153	0.000701187
1154	0.000701075
1155	0.000700965
1156	0.00070086
1157	0.000700749
1158	0.000700643
1159	0.000700532
1160	0.000700425
1161	0.000700319
1162	0.000700211
1163	0.000700104
1164	0.000699997
1165	0.000699891
1166	0.000699786
1167	0.000699679
1168	0.000699573
1169	0.000699466
1170	0.000699362
1171	0.000699256
1172	0.000699152
1173	0.000699047
1174	0.000698943
1175	0.00069884
1176	0.000698737
1177	0.000698634
1178	0.000698532
1179	0.000698429
1180	0.000698323
1181	0.000698221
1182	0.00069812
1183	0.000698017
1184	0.000697914
1185	0.000697814
1186	0.000697713
1187	0.000697613
1188	0.00069751
1189	0.000697409
1190	0.000697309
1191	0.000697209
1192	0.00069711
1193	0.000697009
1194	0.000696908
1195	0.000696808
1196	0.000696712
1197	0.000696612
1198	0.000696514
1199	0.000696416
1200	0.000696317
1201	0.000696218
1202	0.000696121
1203	0.000696024
1204	0.000695925
1205	0.000695828
1206	0.000695729
1207	0.000695636
1208	0.000695541
1209	0.000695442
1210	0.00069535
1211	0.000695251
1212	0.000695157
1213	0.000695061
1214	0.000694965
1215	0.000694874
1216	0.000694777
1217	0.000694683
1218	0.000694587
1219	0.000694495
1220	0.000694402
1221	0.000694307
1222	0.000694213
1223	0.000694121
1224	0.000694029
1225	0.000693936
1226	0.000693843
1227	0.000693751
1228	0.00069366
1229	0.000693567
1230	0.000693476
1231	0.000693383
1232	0.000693292
1233	0.000693201
1234	0.00069311
1235	0.00069302
1236	0.000692928
1237	0.00069284
1238	0.000692749
1239	0.000692662
1240	0.000692573
1241	0.000692483
1242	0.000692392
1243	0.000692304
1244	0.000692215
1245	0.000692127
1246	0.000692037
1247	0.000691951
1248	0.000691862
1249	0.000691774
1250	0.000691688
1251	0.000691599
1252	0.000691514
1253	0.000691426
1254	0.00069134
1255	0.000691254
1256	0.000691167
1257	0.000691081
1258	0.000690994
1259	0.00069091
1260	0.000690822
1261	0.000690739
1262	0.000690653
1263	0.00069057
1264	0.000690483
1265	0.000690396
1266	0.000690316
1267	0.00069023
1268	0.000690149
1269	0.000690062
1270	0.00068998
1271	0.000689894
1272	0.000689814
1273	0.000689729
1274	0.000689648
1275	0.000689566
1276	0.000689482
1277	0.0006894
1278	0.000689319
1279	0.000689237
1280	0.000689155
1281	0.000689074
1282	0.00068899
1283	0.000688913
1284	0.000688834
1285	0.000688749
1286	0.000688669
1287	0.000688587
1288	0.000688509
1289	0.000688429
1290	0.00068835
1291	0.000688268
1292	0.00068819
1293	0.000688109
1294	0.000688033
1295	0.000687954
1296	0.000687875
1297	0.000687794
1298	0.000687717
1299	0.000687639
1300	0.000687561
1301	0.000687482
1302	0.000687407
1303	0.000687327
1304	0.000687253
1305	0.000687174
1306	0.000687097
1307	0.000687022
1308	0.000686944
1309	0.000686866
1310	0.000686791
1311	0.000686717
1312	0.000686638
1313	0.000686563
1314	0.000686487
1315	0.000686412
1316	0.000686338
1317	0.000686261
1318	0.000686187
1319	0.000686114
1320	0.000686038
1321	0.000685964
1322	0.00068589
1323	0.000685818
1324	0.000685742
1325	0.000685669
1326	0.000685593
1327	0.000685522
1328	0.000685447
1329	0.000685376
1330	0.000685303
1331	0.00068523
1332	0.000685158
1333	0.000685086
1334	0.000685014
1335	0.000684941
1336	0.000684872
1337	0.000684798
1338	0.000684728
1339	0.000684655
1340	0.000684584
1341	0.000684516
1342	0.000684443
1343	0.000684372
1344	0.000684301
1345	0.000684235
1346	0.000684163
1347	0.000684093
1348	0.000684022
1349	0.000683953
1350	0.000683884
1351	0.000683814
1352	0.000683745
1353	0.000683673
1354	0.000683607
1355	0.000683538
1356	0.000683466
1357	0.000683403
1358	0.000683331
1359	0.000683264
1360	0.000683194
1361	0.00068313
1362	0.00068306
1363	0.000682992
1364	0.000682924
1365	0.00068286
1366	0.000682791
1367	0.000682726
1368	0.000682658
1369	0.00068259
1370	0.000682526
1371	0.000682461
1372	0.000682394
1373	0.000682329
1374	0.000682262
1375	0.000682196
1376	0.000682132
1377	0.000682065
1378	0.000681999
1379	0.000681934
1380	0.000681868
1381	0.000681805
1382	0.000681739
1383	0.000681676
1384	0.000681611
1385	0.000681547
1386	0.000681484
1387	0.000681421
1388	0.000681358
1389	0.000681295
1390	0.000681229
1391	0.000681168
1392	0.000681104
1393	0.00068104
1394	0.000680977
1395	0.000680913
1396	0.000680851
1397	0.000680791
1398	0.000680725
1399	0.000680666
1400	0.000680603
1401	0.00068054
1402	0.00068048
1403	0.000680416
1404	0.000680354
1405	0.000680294
1406	0.000680233
1407	0.00068017
1408	0.000680111
1409	0.000680051
1410	0.000679993
1411	0.000679929
1412	0.000679872
1413	0.000679811
1414	0.000679749
1415	0.000679688
1416	0.00067963
1417	0.000679569
1418	0.000679511
1419	0.000679452
1420	0.000679395
1421	0.000679333
1422	0.000679274
1423	0.000679215
1424	0.000679158
1425	0.000679097
1426	0.000679038
1427	0.000678981
1428	0.000678925
1429	0.000678867
1430	0.000678807
1431	0.000678751
1432	0.000678693
1433	0.000678634
1434	0.000678579
1435	0.000678521
1436	0.000678465
1437	0.000678406
1438	0.000678351
1439	0.00067829
1440	0.000678237
1441	0.00067818
1442	0.000678123
1443	0.000678067
1444	0.000678013
1445	0.000677957
1446	0.000677904
1447	0.000677842
1448	0.000677789
1449	0.000677732
1450	0.000677679
1451	0.000677623
1452	0.000677567
1453	0.000677512
1454	0.000677457
1455	0.000677403
1456	0.000677348
1457	0.000677295
1458	0.000677239
1459	0.000677184
1460	0.000677133
1461	0.000677077
1462	0.000677026
1463	0.000676969
1464	0.000676918
1465	0.000676864
1466	0.000676808
1467	0.000676756
1468	0.000676704
1469	0.00067665
1470	0.000676597
1471	0.000676547
1472	0.000676496
1473	0.00067644
1474	0.000676386
1475	0.000676337
1476	0.000676286
1477	0.000676232
1478	0.000676177
1479	0.000676127
1480	0.000676077
1481	0.000676023
1482	0.000675973
1483	0.000675921
1484	0.000675872
1485	0.000675821
1486	0.00067577
1487	0.000675719
1488	0.000675668
1489	0.000675619
1490	0.000675567
1491	0.000675518
1492	0.000675466
1493	0.000675415
1494	0.000675364
1495	0.000675316
1496	0.000675267
1497	0.000675216
1498	0.000675166
1499	0.000675117
1500	0.000675066
1501	0.000675019
1502	0.000674968
1503	0.000674921
1504	0.000674873
1505	0.000674828
1506	0.000674774
1507	0.000674726
1508	0.000674679
1509	0.00067463
1510	0.00067458
1511	0.000674533
1512	0.000674482
1513	0.000674438
1514	0.000674388
1515	0.000674338
1516	0.000674294
1517	0.000674247
1518	0.0006742
1519	0.000674151
1520	0.000674105
1521	0.000674056
1522	0.000674011
1523	0.000673962
1524	0.000673917
1525	0.000673874
1526	0.000673823
1527	0.000673776
1528	0.000673729
1529	0.000673684
1530	0.000673639
1531	0.000673593
1532	0.000673548
1533	0.0006735
1534	0.000673456
1535	0.00067341
1536	0.000673365
1537	0.000673322
1538	0.000673272
1539	0.00067323
1540	0.000673182
1541	0.000673142
1542	0.000673094
1543	0.000673052
1544	0.000673005
1545	0.000672958
1546	0.000672917
1547	0.000672872
1548	0.000672828
1549	0.000672784
1550	0.000672741
1551	0.000672696
1552	0.000672651
1553	0.000672608
1554	0.000672564
1555	0.00067252
1556	0.000672478
1557	0.000672435
1558	0.000672389
1559	0.000672347
1560	0.000672303
1561	0.000672261
1562	0.000672217
1563	0.000672176
1564	0.000672132
1565	0.000672089
1566	0.000672047
1567	0.000672005
1568	0.00067196
1569	0.000671921
1570	0.000671881
1571	0.000671839
1572	0.000671796
1573	0.000671756
1574	0.000671713
1575	0.00067167
1576	0.000671631
1577	0.000671591
1578	0.000671545
1579	0.000671505
1580	0.000671465
1581	0.000671424
1582	0.000671381
1583	0.00067134
1584	0.000671302
1585	0.000671257
1586	0.00067122
1587	0.000671179
1588	0.000671141
1589	0.000671099
1590	0.000671057
1591	0.000671016
1592	0.000670977
1593	0.000670938
1594	0.000670898
1595	0.000670861
1596	0.000670818
1597	0.000670777
1598	0.000670739
1599	0.0006707
1600	0.000670662
1601	0.000670622
1602	0.000670582
1603	0.000670542
1604	0.000670506
1605	0.000670466
1606	0.000670427
1607	0.00067039
1608	0.000670348
1609	0.000670313
1610	0.000670272
1611	0.000670234
1612	0.000670197
1613	0.000670158
1614	0.000670122
1615	0.000670082
1616	0.000670045
1617	0.000670007
1618	0.000669969
1619	0.000669932
1620	0.000669893
1621	0.000669856
1622	0.000669817
1623	0.000669781
1624	0.000669744
1625	0.000669708
1626	0.000669671
1627	0.000669634
1628	0.000669593
1629	0.000669557
1630	0.000669523
1631	0.000669486
1632	0.000669447
1633	0.000669414
1634	0.000669376
1635	0.000669341
1636	0.000669304
1637	0.000669265
1638	0.000669234
1639	0.000669195
1640	0.000669162
1641	0.000669126
1642	0.000669088
1643	0.000669056
1644	0.000669016
1645	0.000668981
1646	0.000668947
1647	0.000668912
1648	0.000668877
1649	0.000668842
1650	0.000668806
1651	0.000668769
1652	0.000668737
1653	0.0006687
1654	0.000668666
1655	0.000668632
1656	0.000668598
1657	0.000668564
1658	0.000668529
1659	0.000668495
1660	0.000668461
1661	0.000668424
1662	0.000668392
1663	0.000668357
1664	0.000668321
1665	0.000668288
1666	0.000668255
1667	0.000668221
1668	0.000668188
1669	0.000668153
1670	0.00066812
1671	0.000668085
1672	0.000668051
1673	0.000668021
1674	0.000667987
1675	0.000667952
1676	0.000667921
1677	0.000667888
1678	0.000667852
1679	0.000667822
1680	0.000667788
1681	0.000667755
1682	0.000667725
1683	0.000667692
1684	0.000667659
1685	0.000667625
1686	0.000667595
1687	0.00066756
1688	0.000667529
1689	0.000667499
1690	0.000667465
1691	0.000667433
1692	0.000667404
1693	0.000667371
1694	0.000667338
1695	0.000667306
1696	0.000667274
1697	0.000667244
1698	0.000667211
1699	0.000667179
1700	0.000667148
1701	0.000667118
1702	0.000667087
1703	0.000667056
1704	0.000667023
1705	0.000666995
1706	0.000666963
1707	0.00066693
1708	0.0006669
1709	0.00066687
1710	0.00066684
1711	0.000666808
1712	0.000666779
1713	0.000666749
1714	0.00066672
1715	0.000666689
1716	0.000666656
1717	0.000666626
1718	0.000666594
1719	0.000666567
1720	0.000666538
1721	0.000666505
1722	0.000666477
1723	0.000666445
1724	0.000666421
1725	0.000666389
1726	0.00066636
1727	0.00066633
1728	0.000666299
1729	0.000666272
1730	0.000666242
1731	0.000666214
1732	0.000666187
1733	0.000666156
1734	0.000666125
1735	0.000666096
1736	0.00066607
1737	0.00066604
1738	0.000666012
1739	0.000665982
1740	0.000665951
1741	0.000665926
1742	0.000665894
1743	0.000665866
1744	0.00066584
1745	0.000665812
1746	0.000665783
1747	0.000665756
1748	0.000665728
1749	0.000665699
1750	0.000665671
1751	0.000665642
1752	0.000665614
1753	0.000665587
1754	0.000665558
1755	0.000665531
1756	0.000665505
1757	0.000665477
1758	0.000665451
1759	0.000665422
1760	0.000665393
1761	0.000665365
1762	0.000665339
1763	0.000665313
1764	0.000665286
1765	0.000665258
1766	0.000665233
1767	0.000665205
1768	0.000665179
1769	0.000665151
1770	0.000665125
1771	0.000665098
1772	0.000665069
1773	0.000665046
1774	0.000665019
1775	0.000664992
1776	0.000664965
1777	0.000664939
1778	0.000664914
1779	0.000664889
1780	0.000664861
1781	0.000664835
1782	0.000664809
1783	0.000664784
1784	0.000664757
1785	0.00066473
1786	0.000664706
1787	0.000664678
1788	0.000664653
1789	0.000664627
1790	0.000664601
1791	0.000664576
1792	0.00066455
1793	0.000664526
1794	0.0006645
1795	0.000664474
1796	0.00066445
1797	0.000664424
1798	0.000664399
1799	0.000664374
1800	0.000664353
1801	0.000664323
1802	0.000664301
1803	0.000664273
1804	0.00066425
1805	0.000664227
1806	0.0006642
1807	0.000664177
1808	0.000664153
1809	0.000664128
1810	0.000664102
1811	0.000664079
1812	0.000664056
1813	0.000664027
1814	0.000664004
1815	0.000663981
1816	0.000663957
1817	0.000663934
1818	0.000663909
1819	0.000663886
1820	0.00066386
1821	0.000663836
1822	0.000663813
1823	0.000663791
1824	0.000663768
1825	0.000663744
1826	0.000663722
1827	0.000663695
1828	0.000663671
1829	0.000663651
1830	0.000663624
1831	0.000663603
1832	0.00066358
1833	0.000663555
1834	0.000663535
1835	0.000663512
1836	0.000663488
1837	0.000663464
1838	0.000663444
1839	0.000663419
1840	0.000663396
1841	0.000663374
1842	0.000663351
1843	0.000663327
1844	0.000663303
1845	0.000663283
1846	0.000663261
1847	0.000663238
1848	0.000663216
1849	0.000663192
1850	0.000663171
1851	0.000663148
1852	0.000663126
1853	0.000663105
1854	0.000663083
1855	0.000663059
1856	0.000663037
1857	0.000663017
1858	0.000662996
1859	0.000662973
1860	0.000662948
1861	0.000662928
1862	0.000662907
1863	0.000662884
1864	0.000662862
1865	0.000662842
1866	0.000662821
1867	0.000662797
1868	0.000662775
1869	0.000662753
1870	0.000662735
1871	0.000662715
1872	0.000662693
1873	0.000662671
1874	0.000662648
1875	0.000662628
1876	0.000662608
1877	0.000662589
1878	0.000662566
1879	0.000662546
1880	0.000662523
1881	0.000662506
1882	0.000662483
1883	0.000662462
1884	0.000662442
1885	0.00066242
1886	0.0006624
1887	0.000662378
1888	0.00066236
1889	0.000662337
1890	0.000662319
1891	0.000662297
1892	0.000662277
1893	0.000662258
1894	0.000662238
1895	0.000662217
1896	0.000662197
1897	0.000662176
1898	0.000662157
1899	0.000662138
1900	0.000662115
1901	0.000662097
1902	0.000662079
1903	0.000662058
1904	0.000662037
1905	0.000662018
1906	0.000661997
1907	0.000661978
1908	0.00066196
1909	0.00066194
1910	0.000661918
1911	0.000661901
1912	0.000661881
1913	0.000661863
1914	0.000661842
1915	0.000661824
1916	0.000661805
1917	0.000661784
1918	0.000661767
1919	0.000661748
1920	0.000661728
1921	0.000661709
1922	0.000661691
1923	0.000661671
1924	0.000661654
1925	0.000661635
1926	0.000661615
1927	0.000661597
1928	0.000661578
1929	0.00066156
1930	0.000661539
1931	0.000661522
1932	0.000661504
1933	0.000661484
1934	0.000661467
1935	0.00066145
1936	0.000661429
1937	0.00066141
1938	0.000661391
1939	0.000661373
1940	0.000661357
1941	0.000661338
1942	0.000661321
1943	0.000661305
1944	0.000661283
1945	0.000661266
1946	0.000661249
1947	0.00066123
1948	0.000661212
1949	0.000661195
1950	0.000661177
1951	0.000661157
1952	0.00066114
1953	0.000661122
1954	0.000661106
1955	0.000661089
1956	0.000661069
1957	0.000661053
1958	0.000661033
1959	0.000661018
1960	0.000660999
1961	0.000660982
1962	0.000660964
1963	0.000660949
1964	0.000660934
1965	0.000660915
1966	0.000660898
1967	0.000660879
1968	0.000660863
1969	0.000660846
1970	0.000660828
1971	0.000660811
1972	0.000660794
1973	0.000660776
1974	0.000660761
1975	0.000660742
1976	0.000660725
1977	0.000660711
1978	0.000660694
1979	0.000660676
1980	0.000660659
1981	0.000660644
1982	0.000660627
1983	0.000660611
1984	0.000660594
1985	0.000660578
1986	0.000660561
1987	0.000660545
1988	0.000660531
1989	0.000660512
1990	0.000660495
1991	0.00066048
1992	0.000660465
1993	0.000660449
1994	0.000660433
1995	0.000660415
1996	0.000660399
1997	0.000660383
1998	0.000660369
1999	0.000660352
2000	0.000660335
2001	0.000660319
2002	0.000660303
2003	0.000660287
2004	0.000660272
2005	0.000660257
2006	0.000660242
2007	0.000660225
2008	0.000660208
2009	0.000660193
2010	0.000660178
2011	0.000660162
2012	0.000660145
2013	0.00066013
2014	0.000660116
2015	0.0006601
2016	0.000660085
2017	0.000660071
2018	0.000660056
2019	0.000660036
2020	0.000660024
2021	0.00066001
2022	0.000659994
2023	0.000659978
2024	0.000659964
2025	0.000659951
2026	0.000659933
2027	0.000659921
2028	0.000659904
2029	0.00065989
2030	0.000659877
2031	0.000659861
2032	0.000659844
2033	0.000659829
2034	0.000659816
2035	0.000659802
2036	0.000659785
2037	0.000659772
2038	0.000659759
2039	0.000659742
2040	0.000659729
2041	0.000659713
2042	0.000659699
2043	0.000659684
2044	0.000659671
2045	0.000659655
2046	0.000659644
2047	0.000659625
2048	0.000659614
2049	0.000659598
2050	0.000659584
2051	0.000659569
2052	0.000659556
2053	0.000659543
2054	0.00065953
2055	0.000659514
2056	0.0006595
2057	0.000659482
2058	0.000659473
