-4.45163
-3.34893
-2.22452
-1.08224
0.0645066
1.21101
2.35217
3.48257
4.59641
5.68769
6.75017
7.7844
8.78223
9.72939
10.6187
11.4482
12.2087
12.8876
13.4776
13.9747
14.37
14.6557
14.8235
14.8664
14.7793
14.556
14.1922
13.6807
13.0208
12.2119
11.2544
10.151
8.89941
7.51139
5.99576
4.35531
2.60218
0.751151
-1.17152
-3.14516
-5.15582
-7.17838
-9.18549
-11.1476
-13.0335
-14.8106
-16.4455
-17.9101
-19.1683
-20.1816
-20.9194
-21.3558
-21.4631
-21.2204
-20.6119
-19.627
-18.2778
-16.5937
-14.6033
-12.3409
-9.84828
-7.16939
-4.3516
-1.44745
1.49148
4.41302
7.26285
9.99072
12.5489
14.8905
16.9754
18.7684
20.2385
21.3626
22.12
22.5064
22.538
22.2353
21.6243
20.7366
19.6013
18.2572
16.7408
15.0817
13.3149
11.4743
9.59135
7.69665
5.81926
3.98439
2.216
0.533836
-1.04447
-2.50355
-3.83766
-5.03677
-6.08663
-6.98295
-7.7277
-8.31845
-8.75295
-9.03642
-9.17132
-9.16225
-9.01416
-8.73376
-8.32795
-7.80483
-7.17229
-6.43983
-5.61057
-4.69763
-3.71056
-2.65205
-1.53651
-0.37389
0.837024
2.0875
3.37112
4.67084
5.97981
7.30076
8.62737
9.95313
11.2695
12.5658
13.8143
14.7383
-4.47432
-3.41844
-2.34294
-1.25128
-0.156002
0.938579
2.02774
3.10643
4.16923
5.2105
6.22438
7.21154
8.16417
9.06883
9.91869
10.7121
11.4402
12.0911
12.6579
13.1371
13.5201
13.7995
13.9675
14.0174
13.9446
13.743
13.4087
12.9351
12.3211
11.5665
10.6714
9.63858
8.46591
7.16424
5.74213
4.20218
2.55588
0.817184
-0.989156
-2.84356
-4.73282
-6.63319
-8.51882
-10.3618
-12.1326
-13.8004
-15.3338
-16.7061
-17.883
-18.8284
-19.5132
-19.9133
-20.0018
-19.7595
-19.1716
-18.2275
-16.9389
-15.3339
-13.4394
-11.2879
-8.91892
-6.37388
-3.69758
-0.939682
1.85107
4.62541
7.33196
9.92327
12.3542
14.5804
16.5641
18.2719
19.6746
20.7504
21.4791
21.857
21.8995
21.6258
21.0605
20.2334
19.1723
17.9133
16.4913
14.9342
13.2751
11.5459
9.77654
7.99574
6.23101
4.50617
2.84387
1.26276
-0.220497
-1.5914
-2.84455
-3.97034
-4.95541
-5.7957
-6.49318
-7.0453
-7.45012
-7.71265
-7.83498
-7.82173
-7.67734
-7.40838
-7.02117
-6.52358
-5.92287
-5.22828
-4.44262
-3.57825
-2.64442
-1.64359
-0.589379
0.508631
1.65155
2.83101
4.04081
5.26465
6.49569
7.73601
8.97884
10.2166
11.4392
12.6339
13.7783
14.6643
-4.49715
-3.48762
-2.46004
-1.4177
-0.372441
0.67173
1.71043
2.73897
3.75226
4.74503
5.71181
6.65331
7.56217
8.42565
9.23736
9.99581
10.6927
11.3166
11.8613
12.3233
12.6945
12.9682
13.1368
13.194
13.1355
12.9556
12.6507
12.2145
11.6459
10.9448
10.1112
9.14793
8.05283
6.83611
5.50593
4.06475
2.52339
0.895029
-0.797056
-2.53437
-4.30443
-6.08483
-7.8512
-9.57717
-11.235
-12.7956
-14.2292
-15.5108
-16.6078
-17.4865
-18.1193
-18.4833
-18.5534
-18.3113
-17.7432
-16.8389
-15.6096
-14.0818
-12.2812
-10.2382
-7.99015
-5.57609
-3.03827
-0.423537
2.22217
4.85237
7.41864
9.8762
12.1825
14.2957
16.1802
17.8045
19.1411
20.1694
20.8701
21.2395
21.2925
21.0471
20.5263
19.7584
18.7696
17.5938
16.264
14.8066
13.2527
11.6324
9.97387
8.3043
6.64959
5.03219
3.47345
1.99095
0.600412
-0.684516
-1.85873
-2.91311
-3.83514
-4.621
-5.27255
-5.78731
-6.16353
-6.40595
-6.51649
-6.49957
-6.35933
-6.10202
-5.73357
-5.26146
-4.69251
-4.0355
-3.29306
-2.47686
-1.5957
-0.651915
0.341625
1.37579
2.45156
3.56094
4.69793
5.84704
7.00156
8.16313
9.32496
10.4796
11.6176
12.7294
13.8029
14.662
-4.51969
-3.55569
-2.57489
-1.58047
-0.583704
0.41168
1.4016
2.38167
3.34715
4.29311
5.21442
6.11186
6.97851
7.80233
8.5773
9.30214
9.969
10.5671
11.0906
11.5363
11.8966
12.1651
12.3347
12.3994
12.3554
12.1972
11.9213
11.5219
10.9981
10.3496
9.57639
8.68122
7.66216
6.5287
5.28854
3.94405
2.50541
0.985017
-0.595276
-2.21805
-3.87151
-5.53457
-7.18429
-8.79588
-10.3432
-11.7988
-13.1349
-14.3277
-15.3466
-16.1599
-16.7416
-17.0704
-17.1222
-16.8801
-16.331
-15.4654
-14.2936
-12.8411
-11.1318
-9.19458
-7.06434
-4.77793
-2.3751
0.100075
2.60436
5.09402
7.52348
9.85059
12.0353
14.0383
15.826
17.3688
18.6408
19.6225
20.2957
20.6568
20.7199
20.5019
20.0243
19.314
18.3955
17.3006
16.0605
14.7
13.2484
11.734
10.1834
8.62196
7.07422
5.56126
4.10316
2.71647
1.41597
0.214494
-0.883123
-1.86829
-2.72927
-3.46249
-4.06966
-4.54846
-4.89726
-5.12055
-5.22008
-5.20007
-5.0644
-4.81897
-4.46936
-4.02263
-3.48522
-2.8654
-2.16568
-1.39705
-0.567813
0.319769
1.25356
2.22493
3.23469
4.27528
5.34091
6.41694
7.49697
8.58238
9.66678
10.7435
11.8046
12.8437
13.8546
14.6751
-4.54147
-3.6214
-2.6856
-1.73715
-0.786786
0.161998
1.10537
2.03924
2.95917
3.86056
4.7386
5.59413
6.42066
7.2068
7.94692
8.63989
9.27836
9.85216
10.3557
10.7862
11.1364
11.4004
11.5714
11.6439
11.6142
11.4771
11.2296
10.8662
10.3857
9.78822
9.07361
8.24441
7.29889
6.24593
5.09275
3.84165
2.50221
1.08605
-0.386335
-1.89857
-3.43952
-4.98935
-6.52653
-8.02773
-9.4684
-10.8228
-12.0647
-13.1718
-14.1153
-14.8654
-15.3978
-15.6922
-15.7263
-15.4839
-14.9529
-14.1242
-13.0077
-11.6274
-10.0058
-8.17016
-6.15316
-3.98945
-1.71639
0.624606
2.9929
5.3474
7.64525
9.84688
11.9146
13.8115
15.506
16.9704
18.1801
19.1169
19.7636
20.1166
20.1892
19.9973
19.5612
18.906
18.0548
17.0375
15.8835
14.6159
13.2625
11.8496
10.4024
8.94472
7.49953
6.08667
4.72501
3.4301
2.21582
1.09422
0.0698696
-0.849145
-1.65185
-2.33487
-2.89983
-3.3445
-3.66742
-3.87278
-3.96224
-3.93977
-3.80901
-3.57554
-3.24459
-2.82283
-2.31631
-1.73283
-1.07475
-0.35243
0.426291
1.25927
2.13506
3.04553
3.99137
4.9654
5.96217
6.96788
7.97651
8.98939
10.0007
11.0047
11.9949
12.967
13.917
14.6925
-4.5624
-3.68453
-2.79188
-1.88741
-0.981357
-0.0770109
0.822032
1.71194
2.58856
3.44759
4.28454
5.10031
5.88879
6.63923
7.34636
8.00923
8.62091
9.17182
9.65669
10.073
10.4141
10.6742
10.8471
10.9274
10.9119
10.7957
10.5758
10.2473
9.80898
9.26087
8.6029
7.83745
6.96297
5.9877
4.91844
3.75742
2.5136
1.19791
-0.170486
-1.57622
-3.00876
-4.44953
-5.87829
-7.27318
-8.61112
-9.868
-11.0191
-12.0437
-12.9144
-13.6036
-14.0883
-14.3495
-14.3662
-14.1234
-13.6095
-12.816
-11.7524
-10.4413
-8.90383
-7.1655
-5.2571
-3.2111
-1.06255
1.14968
3.38744
5.61219
7.78371
9.86483
11.8202
13.6153
15.2202
16.6091
17.7589
18.6525
19.2736
19.6186
19.7002
19.5332
19.1367
18.5342
17.7474
16.8044
15.7327
14.5541
13.2946
11.9789
10.6307
9.27223
7.92515
6.60803
5.33858
4.13139
2.99948
1.95415
0.999723
0.143777
-0.603423
-1.23873
-1.76361
-2.17602
-2.47459
-2.66324
-2.74354
-2.71922
-2.59372
-2.37226
-2.05978
-1.66254
-1.18623
-0.638196
-0.0206551
0.656649
1.38634
2.16637
2.98599
3.83753
4.72161
5.63146
6.56194
7.50015
8.44051
9.38437
10.3265
11.262
12.1854
13.0935
13.9832
14.7112
-4.58244
-3.74493
-2.89351
-2.03101
-1.16718
-0.30512
0.551782
1.39994
2.23547
3.05434
3.85236
4.63047
5.38296
6.09967
6.77567
7.41016
7.99667
8.52612
8.9936
9.39686
9.72956
9.98641
10.1616
10.2499
10.2484
10.1527
9.95976
9.66514
9.26769
8.76736
8.16412
7.46021
6.65422
5.75383
4.76542
3.69112
2.53935
1.32034
0.0519941
-1.25128
-2.57957
-3.91545
-5.23995
-6.53259
-7.77174
-8.93481
-9.99867
-10.9437
-11.7445
-12.3749
-12.8136
-13.0428
-13.0426
-12.7991
-12.3013
-11.5414
-10.5282
-9.28322
-7.82621
-6.18105
-4.3766
-2.4433
-0.413981
1.6749
3.78763
5.88807
7.93852
9.90416
11.7519
13.4492
14.9683
16.2848
17.377
18.2291
18.8254
19.1627
19.2527
19.1094
18.7506
18.1984
17.4731
16.601
15.6079
14.5143
13.3444
12.1216
10.8678
9.60415
8.35071
7.12496
5.94348
4.81995
3.76655
2.79388
1.90601
1.11005
0.415567
-0.174482
-0.661458
-1.04344
-1.31918
-1.49233
-1.56439
-1.53883
-1.4189
-1.20951
-0.915274
-0.542085
-0.0952844
0.418241
0.996388
1.63001
2.31219
3.04098
3.8063
4.60096
5.42551
6.27359
7.1404
8.01393
8.88905
9.76713
10.6435
11.5139
12.3736
13.2199
14.0503
14.7303
-4.60154
-3.8025
-2.99035
-2.16779
-1.34409
-0.522186
0.294743
1.10333
1.89995
2.68083
3.44205
4.18459
4.90313
5.58805
6.23475
6.84258
7.40549
7.91491
8.36625
8.75748
9.08268
9.33693
9.51471
9.6112
9.62366
9.54788
9.38126
9.11953
8.76161
8.30744
7.75701
7.11239
6.37237
5.54404
4.63339
3.64247
2.57916
1.45305
0.280812
-0.924069
-2.15224
-3.38739
-4.6118
-5.80626
-6.95057
-8.02355
-9.00358
-9.87224
-10.6057
-11.1797
-11.5741
-11.7723
-11.7557
-11.5112
-11.0287
-10.3006
-9.33549
-8.15356
-6.77334
-5.21714
-3.51201
-1.6864
0.228953
2.19993
4.1931
6.17466
8.10931
9.96448
11.7092
13.313
14.7498
15.9969
17.0341
17.8463
18.4188
18.7485
18.8463
18.7255
18.4025
17.8982
17.2315
16.427
15.5087
14.496
13.4116
12.2773
11.1135
9.94012
8.77587
7.63712
6.53938
5.49544
4.51671
3.6131
2.78843
2.04937
1.40484
0.857586
0.406371
0.0529825
-0.201442
-0.360301
-0.424994
-0.3988
-0.284747
-0.0874405
0.188783
0.538413
0.956436
1.4364
1.97633
2.56765
3.20387
3.88317
4.5961
5.33596
6.10321
6.89195
7.69769
8.5093
9.32208
10.1374
10.9511
11.7592
12.5579
13.3445
14.1167
14.7492
-4.61968
-3.85719
-3.08232
-2.29766
-1.51201
-0.728146
0.0509546
0.822136
1.582
2.32701
3.05353
3.76257
4.44914
5.10418
5.72338
6.30625
6.84712
7.33791
7.77432
8.15456
8.47311
8.72534
8.90613
9.01089
9.03714
8.98094
8.83988
8.61004
8.29033
7.88071
7.38115
6.79362
6.11703
5.35796
4.52199
3.61112
2.63271
1.59572
0.515662
-0.594858
-1.72703
-2.86563
-3.99406
-5.09441
-6.14778
-7.1344
-8.03403
-8.82943
-9.49832
-10.018
-10.3699
-10.5382
-10.5056
-10.26
-9.79171
-9.09378
-8.17438
-7.05248
-5.74541
-4.27401
-2.66357
-0.940676
0.865951
2.72442
4.60349
6.47157
8.29567
10.0453
11.6916
13.206
14.5643
15.7451
16.7295
17.5035
18.0531
18.3754
18.4805
18.3809
18.0919
17.633
17.022
16.2817
15.4346
14.4989
13.4958
12.4455
11.3674
10.2798
9.20029
8.1442
7.12598
6.1576
5.24972
4.41159
3.6468
2.96159
2.36425
1.85736
1.43978
1.11317
0.878569
0.732823
0.674613
0.70087
0.808757
0.993968
1.25244
1.57902
1.96901
2.41639
2.91929
3.46969
4.06154
4.69311
5.35559
6.04273
6.75495
7.48675
8.23397
8.98632
9.73951
10.4948
11.2486
11.9972
12.7372
13.4661
14.1817
14.7677
-4.63704
-3.9095
-3.17028
-2.42183
-1.67252
-0.924951
-0.181918
0.553624
1.27849
1.98941
2.68295
3.36019
4.01647
4.64322
5.23644
5.79576
6.31592
6.78927
7.21181
7.58198
7.89462
8.14543
8.32963
8.44284
8.48286
8.44601
8.33004
8.1314
7.84896
7.4827
7.0326
6.50049
5.88544
5.19349
4.42987
3.59651
2.70028
1.74952
0.758628
-0.260634
-1.29998
-2.34521
-3.38087
-4.39023
-5.35568
-6.25877
-7.08066
-7.80518
-8.41156
-8.87874
-9.18933
-9.32854
-9.28021
-9.03318
-8.5784
-7.90927
-7.03365
-5.96933
-4.7325
-3.34257
-1.82315
-0.19902
1.50304
3.25327
5.02255
6.78143
8.49911
10.1472
11.6987
13.1271
14.4096
15.5265
16.46
17.1969
17.7244
18.0394
18.1513
18.0719
17.8154
17.4
16.8422
16.1634
15.3846
14.5227
13.5974
12.6277
11.6316
10.6262
9.62789
8.65093
7.70883
6.81274
5.97259
5.19701
4.48938
3.85549
3.30308
2.83452
2.44879
2.14742
1.93136
1.79768
1.74516
1.77092
1.8723
2.0453
2.28612
2.58995
2.95241
3.36787
3.83458
4.34508
4.89372
5.47886
6.09234
6.72833
7.38722
8.0639
8.75454
9.44964
10.1453
10.8427
11.5385
12.2296
12.9125
13.5852
14.2454
14.7858
-4.65356
-3.95928
-3.25398
-2.53996
-1.82519
-1.11209
-0.403292
0.298453
0.990173
1.6688
2.33116
2.97837
3.60606
4.20617
4.77496
5.31222
5.81303
6.27016
6.67992
7.04096
7.34846
7.59843
7.78642
7.90826
7.96201
7.94425
7.85286
7.68465
7.43849
7.11433
6.71217
6.23371
5.67818
5.05112
4.35737
3.59884
2.7819
1.91432
1.00941
0.078134
-0.871738
-1.82698
-2.77322
-3.69489
-4.5756
-5.39819
-6.14512
-6.80127
-7.34732
-7.76376
-8.03438
-8.14537
-8.08169
-7.83303
-7.39088
-6.74912
-5.91525
-4.90596
-3.73631
-2.42437
-0.992106
0.53741
2.13927
3.78576
5.44979
7.10395
8.71957
10.2702
11.7308
13.0765
14.2864
15.3418
16.2263
16.9276
17.4337
17.7414
17.8597
17.7994
17.5738
17.1997
16.6928
16.0727
15.359
14.5675
13.7165
12.8237
11.9059
10.9789
10.058
9.1565
8.28694
7.4597
6.68403
5.96794
5.31462
4.72945
4.21958
3.78725
3.43151
3.15378
2.95494
2.83227
2.78462
2.80931
2.90388
3.06458
3.28788
3.56931
3.90478
4.28907
4.72052
5.19221
5.69889
6.23902
6.80503
7.39154
7.99889
8.62236
9.25841
9.89831
10.5385
11.1801
11.82
12.4553
13.083
13.7011
14.3075
14.8035
-4.66908
-4.00603
-3.33258
-2.65089
-1.96852
-1.28775
-0.611021
0.0590813
0.719789
1.36824
2.00149
2.62069
3.22177
3.79711
4.34325
4.86009
5.34307
5.78537
6.18354
6.53644
6.83959
7.0893
7.28142
7.41198
7.47928
7.48013
7.41258
7.27374
7.06248
6.77875
6.42256
5.99547
5.49687
4.9318
4.30479
3.61767
2.87638
2.08812
1.2652
0.417777
-0.446824
-1.31632
-2.17736
-3.01548
-3.81544
-4.56131
-5.23679
-5.82775
-6.31625
-6.68422
-6.91662
-7.00053
-6.92197
-6.67145
-6.241
-5.62492
-4.83038
-3.87305
-2.76689
-1.5287
-0.178914
1.26104
2.76801
4.31625
5.88056
7.43548
8.95435
10.4126
11.7869
13.0543
14.1951
15.1921
16.0301
16.6975
17.183
17.4837
17.6077
17.5653
17.3688
17.0337
16.5746
16.0098
15.3574
14.6323
13.8514
13.0311
12.187
11.3339
10.486
9.65556
8.85429
8.09183
7.37678
6.71658
6.11421
5.57467
5.10459
4.70605
4.37818
4.12229
3.9392
3.82638
3.78276
3.80586
3.89337
4.04183
4.24793
4.50754
4.81686
5.17104
5.56851
6.00287
6.46927
6.96624
7.48679
8.02597
8.58404
9.15668
9.74063
10.3278
10.9151
11.5034
12.0899
12.672
13.2468
13.8125
14.3672
14.8205
-4.6836
-4.04981
-3.40617
-2.75473
-2.10267
-1.45212
-0.805361
-0.164802
0.466976
1.08731
1.69346
2.28662
2.863
3.41539
3.9406
4.43863
4.90526
5.33403
5.72176
6.06749
6.36708
6.61707
6.81364
6.95298
7.03363
7.05264
7.00818
6.89768
6.71997
6.47503
6.16285
5.78489
5.34067
4.83479
4.27143
3.65239
2.98317
2.27046
1.52559
0.757999
-0.0254499
-0.813359
-1.59333
-2.35195
-3.07508
-3.74794
-4.35539
-4.88427
-5.31793
-5.63966
-5.83553
-5.89347
-5.80052
-5.54794
-5.12827
-4.53622
-3.77865
-2.87025
-1.82398
-0.65541
0.616481
1.97181
3.3891
4.84443
6.31444
7.77549
9.20282
10.5737
11.8663
13.0595
14.1349
15.0765
15.8702
16.5054
16.9713
17.265
17.3943
17.3686
17.1992
16.9007
16.4865
15.9737
15.3791
14.7164
14.0014
13.2493
12.4746
11.6909
10.9116
10.1479
9.4108
8.70914
8.05093
7.44309
6.8884
6.3915
5.95852
5.59138
5.28931
5.05351
4.88473
4.78065
4.74025
4.76125
4.84149
4.97777
5.16702
5.4054
5.6894
6.01452
6.37929
6.77779
7.20554
7.66118
8.13824
8.63217
9.14319
9.66732
10.2015
10.7385
11.2752
11.8127
12.3482
12.8795
13.4037
13.9193
14.4244
14.8368
-4.69729
-4.09105
-3.47549
-2.85254
-2.229
-1.60688
-0.988292
-0.375486
0.229139
0.82311
1.40388
1.97268
2.526
3.05701
3.56276
4.04338
4.49495
4.91136
5.28966
5.6291
5.92583
6.17664
6.378
6.52627
6.6202
6.65706
6.63516
6.55222
6.40705
6.19963
5.92995
5.59937
5.20753
4.75858
4.25643
3.70281
3.10281
2.46263
1.79266
1.10165
0.396048
-0.313607
-1.01583
-1.69821
-2.34765
-2.95047
-3.49266
-3.96195
-4.34292
-4.6202
-4.78088
-4.81371
-4.7067
-4.45183
-4.04214
-3.47272
-2.75015
-1.88817
-0.898787
0.203586
1.40137
2.67615
4.00805
5.37489
6.75505
8.12663
9.4667
10.7542
11.9689
13.0912
14.1041
14.9929
15.7443
16.3485
16.7956
17.0825
17.2165
17.2064
17.0626
16.7986
16.427
15.9634
15.4235
14.8198
14.1672
13.4798
12.7707
12.0529
11.3384
10.638
9.96145
9.31723
8.71269
8.15423
7.64444
7.18763
6.78944
6.45167
6.1736
5.95637
5.80064
5.70428
5.66636
5.68475
5.75746
5.88152
6.05411
6.27166
6.53094
6.82778
7.16082
7.5246
7.91498
8.33069
8.7658
9.21611
9.68182
10.1592
10.6456
11.1343
11.6224
12.1109
12.5974
13.0796
13.5551
14.0224
14.4796
14.8526
-4.71012
-4.12969
-3.54044
-2.94415
-2.34732
-1.7518
-1.15956
-0.572686
0.00659064
0.575976
1.13311
1.67926
2.21117
2.72239
3.21017
3.67479
4.11258
4.5178
4.88771
5.22173
5.5163
5.76846
5.97494
6.13225
6.23937
6.29375
6.29385
6.23766
6.12396
5.95275
5.724
5.43897
5.09744
4.70313
4.25965
3.76871
3.23499
2.66423
2.06594
1.44818
0.817018
0.182187
-0.445705
-1.05519
-1.63418
-2.17002
-2.64978
-3.06204
-3.39255
-3.6272
-3.75407
-3.76269
-3.64196
-3.38459
-2.98406
-2.43585
-1.74626
-0.92814
0.00742424
1.04711
2.17466
3.37307
4.62396
5.90683
7.2017
8.48833
9.74551
10.9537
12.0945
13.1494
14.1029
14.9413
15.6523
16.227
16.6558
16.9361
17.0743
17.0787
16.959
16.7275
16.3959
15.9787
15.4902
14.9424
14.3486
13.7221
13.075
12.4191
11.7658
11.1248
10.5054
9.9152
9.36108
8.84896
8.38125
7.96192
7.59619
7.28572
7.02985
6.82963
6.68569
6.59605
6.55985
6.57514
6.64007
6.75191
6.90805
7.10522
7.34041
7.60981
7.91212
8.24235
8.59669
8.97393
9.36867
9.77706
10.1992
10.6318
11.0723
11.5145
11.956
12.3976
12.8369
13.2721
13.7007
14.1215
14.5328
14.8677
-4.72209
-4.16575
-3.60106
-3.02966
-2.45774
-1.88701
-1.31932
-0.756584
-0.200882
0.345663
0.880867
1.40604
1.91816
2.41114
2.88242
3.3324
3.75769
4.15285
4.51535
4.8448
5.13789
5.39191
5.60382
5.77028
5.89048
5.96205
5.98359
5.95333
5.87005
5.73373
5.54435
5.30308
5.0098
4.66786
4.28055
3.84957
3.37923
2.87482
2.34499
1.7972
1.23711
0.673716
0.116781
-0.423125
-0.93485
-1.40674
-1.82687
-2.18462
-2.46688
-2.66071
-2.75514
-2.74042
-2.60634
-2.34625
-1.95409
-1.42568
-0.767069
0.00971953
0.894481
1.87493
2.93607
4.06222
5.23643
6.43979
7.65387
8.86
10.0386
11.1717
12.2422
13.2332
14.1302
14.9207
15.5934
16.1398
16.5512
16.8248
16.9668
16.9847
16.8874
16.6864
16.3924
16.0188
15.5787
15.0833
14.5449
13.9756
13.3867
12.7892
12.1933
11.6082
11.0423
10.5028
9.99589
9.52712
9.09871
8.71432
8.37875
8.09354
7.8581
7.67338
7.53998
7.45608
7.42089
7.4326
7.48953
7.58916
7.72909
7.90632
8.11807
8.36086
8.63346
8.9313
9.25091
9.59114
9.94707
10.3152
10.6956
11.0851
11.4816
11.8793
12.2761
12.6726
13.0668
13.4568
13.8405
14.2167
14.5838
14.8823
-4.7332
-4.19924
-3.65733
-3.10903
-2.56021
-2.01247
-1.46751
-0.927126
-0.393224
0.132226
0.647208
1.15307
1.64703
2.12329
2.57953
3.01623
3.43027
3.8165
4.17258
4.49829
4.79058
5.04694
5.26457
5.44028
5.57342
5.66184
5.70423
5.69907
5.64513
5.54237
5.39079
5.19144
4.94434
4.65243
4.31878
3.94501
3.53512
3.09394
2.62935
2.1482
1.6558
1.16041
0.671024
0.19736
-0.250327
-0.661318
-1.02464
-1.33045
-1.56668
-1.72152
-1.78489
-1.74772
-1.60065
-1.33764
-0.953049
-0.443035
0.186591
0.924593
1.76159
2.68629
3.68486
4.74288
5.84478
6.97311
8.11092
9.24104
10.3454
11.4075
12.4116
13.3421
14.1857
14.9308
15.567
16.0865
16.4812
16.7484
16.8936
16.9239
16.8475
16.6749
16.4161
16.0831
15.6884
15.2421
14.7555
14.2398
13.7055
13.1624
12.6203
12.0874
11.5716
11.0793
10.6165
10.1881
9.79617
9.44417
9.13646
8.87448
8.65769
8.48698
8.36289
8.28376
8.24887
8.25655
8.30527
8.39272
8.5167
8.67444
8.86343
9.08047
9.32438
9.59104
9.87725
10.1819
10.5007
10.8302
11.1705
11.5189
11.8732
12.2284
12.5825
12.9359
13.2868
13.6336
13.9743
14.3078
14.6326
14.8962
-4.74348
-4.23019
-3.70934
-3.18239
-2.65491
-2.12839
-1.60441
-1.08462
-0.570783
-0.0647268
0.431693
0.919872
1.39723
1.85828
2.30088
2.72562
3.12963
3.50801
3.85862
4.18138
4.47351
4.73268
4.95631
5.14134
5.2873
5.39221
5.45485
5.47398
5.4483
5.37779
5.26243
5.10321
4.90024
4.65611
4.37361
4.05437
3.70204
3.32105
2.91852
2.50074
2.0727
1.64196
1.21678
0.80608
0.419269
0.0661816
-0.243114
-0.499483
-0.691865
-0.809506
-0.843173
-0.784451
-0.624742
-0.358622
0.0191819
0.512175
1.11477
1.81647
2.60867
3.48101
4.42078
5.41474
6.44857
7.50626
8.57223
9.63073
10.6652
11.6603
12.6017
13.4751
14.2682
14.9703
15.572
16.066
16.4446
16.7054
16.8534
16.8951
16.838
16.6918
16.4657
16.1708
15.8184
15.4178
14.9797
14.514
14.0305
13.5384
13.0464
12.5621
12.0929
11.6446
11.2227
10.8317
10.4736
10.1515
9.86944
9.62872
9.42887
9.2707
9.15473
9.07945
9.04417
9.0474
9.08773
9.16304
9.27132
9.41007
9.57696
9.76909
9.98536
10.222
10.4761
10.7467
11.0298
11.3224
11.6244
11.9334
12.2474
12.562
12.8752
13.1874
13.4971
13.8026
14.1022
14.3948
14.6793
14.9095
-4.75292
-4.25864
-3.75714
-3.24978
-2.7419
-2.23485
-1.7301
-1.22917
-0.733694
-0.245352
0.234146
0.706239
1.16854
1.61586
2.0462
2.46028
2.85545
3.22704
3.5731
3.89371
4.1863
4.44872
4.67861
4.873
5.03163
5.15266
5.23496
5.27753
5.27904
5.23945
5.15876
5.03786
4.87697
4.67834
4.44452
4.17712
3.87947
3.55563
3.21199
2.85433
2.48732
2.11788
1.75358
1.40257
1.07348
0.775312
0.517279
0.307846
0.157134
0.0748954
0.0695719
0.148969
0.32095
0.590376
0.962154
1.43949
2.01699
2.68486
3.43522
4.25858
5.14328
6.07719
7.0472
8.03861
9.03715
10.0284
10.9971
11.9293
12.8118
13.6313
14.3769
15.0385
15.6075
16.0773
16.4407
16.6951
16.8454
16.8975
16.8582
16.7364
16.5407
16.281
15.9679
15.6099
15.2167
14.7975
14.3613
13.9164
13.4709
13.0318
12.6057
12.1982
11.8141
11.4577
11.1307
10.836
10.5774
10.356
10.1713
10.0243
9.91528
9.84292
9.80661
9.80498
9.83675
9.89998
9.99286
10.1131
10.2586
10.4267
10.6163
10.8241
11.0475
11.2855
11.5344
11.7917
12.0572
12.3286
12.6042
12.88
13.1542
13.4272
13.6975
13.9636
14.2241
14.4778
14.7238
14.9222
-4.76156
-4.28466
-3.80086
-3.31142
-2.82144
-2.33217
-1.84497
-1.36123
-0.882463
-0.410217
0.053937
0.511484
0.960221
1.39522
1.81464
2.2193
2.60676
2.97259
3.31498
3.63417
3.9278
4.19389
4.43028
4.63409
4.80523
4.942
5.04337
5.10856
5.1362
5.12626
5.07871
4.99437
4.87358
4.71823
4.53068
4.31251
4.06674
3.7971
3.50929
3.20859
2.89939
2.588
2.28135
1.98687
1.71244
1.46629
1.25684
1.09192
0.980763
0.932187
0.953888
1.0531
1.237
1.50991
1.8764
2.33939
2.89367
3.53009
4.24146
5.01911
5.85236
6.73011
7.6404
8.56975
9.50512
10.4333
11.3403
12.2135
13.0406
13.8097
14.5105
15.134
15.6721
16.119
16.4678
16.716
16.8681
16.9296
16.9066
16.8074
16.6396
16.4126
16.1359
15.8173
15.4657
15.0896
14.6972
14.2961
13.8936
13.4962
13.11
12.7401
12.3908
12.0661
11.7677
11.4981
11.2607
11.0567
10.8857
10.7484
10.6452
10.575
10.537
10.5301
10.5532
10.6044
10.6822
10.7844
10.9091
11.054
11.2181
11.3982
11.5921
11.7989
12.0152
12.2387
12.4694
12.705
12.9439
13.1827
13.4199
13.6555
13.8883
14.117
14.3401
14.5568
14.7661
14.9343
-4.7694
-4.30829
-3.84057
-3.3674
-2.89367
-2.42052
-1.94921
-1.48102
-1.01736
-0.559621
-0.109267
0.335239
0.771865
1.19591
1.60571
2.00216
2.38302
2.74407
3.08365
3.40214
3.69737
3.96753
4.21063
4.42389
4.60736
4.75949
4.87934
4.96632
5.01904
5.03745
5.02152
4.97201
4.88933
4.77509
4.63141
4.45988
4.26323
4.04485
3.80983
3.56297
3.30839
3.05185
2.79964
2.55855
2.33577
2.13877
1.97525
1.85244
1.77875
1.76211
1.80953
1.9277
2.12316
2.39972
2.76165
3.21158
3.74448
4.3518
5.02699
5.76215
6.5475
7.37295
8.22754
9.099
9.97539
10.8447
11.6941
12.512
13.2874
14.0092
14.668
15.2557
15.7648
16.1899
16.5248
16.767
16.9205
16.9904
16.9822
16.9036
16.7616
16.5646
16.3214
16.0391
15.7259
15.3896
15.0375
14.6767
14.3138
13.9549
13.6053
13.2698
12.9524
12.6567
12.3843
12.1374
11.9193
11.7309
11.5719
11.443
11.3446
11.2756
11.2353
11.2229
11.2371
11.2764
11.3394
11.424
11.5287
11.6513
11.7907
11.9444
12.1101
12.287
12.4723
12.6637
12.8611
13.0626
13.2667
13.4704
13.6723
13.8724
14.0696
14.2626
14.4503
14.6319
14.8063
14.9457
-4.77649
-4.32965
-3.87645
-3.41797
-2.9589
-2.50029
-2.04329
-1.58909
-1.13898
-0.694242
-0.256214
0.176685
0.602584
1.017
1.41841
1.8078
2.18311
2.54031
2.87789
3.19635
3.49371
3.7683
4.01831
4.24102
4.43665
4.60377
4.74151
4.84948
4.92625
4.97176
4.986
4.96962
4.92315
4.8479
4.7458
4.61841
4.46822
4.2983
4.11314
3.91712
3.71409
3.5093
3.30847
3.11776
2.94371
2.79311
2.67296
2.58995
2.55172
2.56536
2.63724
2.77355
2.98021
3.2606
3.61864
4.05675
4.57004
5.15051
5.79221
6.48795
7.22883
8.00564
8.80842
9.62596
10.4474
11.2618
12.0575
12.8239
13.5508
14.2284
14.8479
15.402
15.8839
16.2885
16.6101
16.8463
17.0007
17.0781
17.0834
17.0236
16.9052
16.7357
16.5233
16.2744
15.9965
15.6966
15.3816
15.0577
14.7312
14.4075
14.0915
13.7874
13.4992
13.2299
12.981
12.7547
12.5538
12.3792
12.2308
12.109
12.0143
11.9457
11.9027
11.8843
11.8896
11.9171
11.9655
12.0332
12.1185
12.2195
12.3353
12.4636
12.6024
12.7508
12.9064
13.0673
13.233
13.4021
13.5731
13.7435
13.9118
14.0782
14.2416
14.4009
14.555
14.7031
14.8445
14.9566
-4.7829
-4.34894
-3.90884
-3.46362
-3.01776
-2.57225
-2.12813
-1.68649
-1.24852
-0.815408
-0.38836
0.0342448
0.450685
0.856682
1.25083
1.63422
2.00496
2.35919
2.69552
3.01461
3.31461
3.59401
3.85116
4.08339
4.29107
4.4729
4.62807
4.75639
4.85636
4.92794
4.9711
4.98643
4.97455
4.93649
4.87399
4.78861
4.68259
4.55871
4.42089
4.27311
4.119
3.96329
3.81118
3.66825
3.54042
3.43385
3.35488
3.30968
3.30518
3.34769
3.44295
3.59671
3.81432
4.0987
4.45351
4.88092
5.37617
5.9318
6.54241
7.20148
7.90091
8.63233
9.38672
10.1539
10.9239
11.6869
12.4323
13.1503
13.8319
14.4679
15.0505
15.573
16.0291
16.4143
16.7232
16.9534
17.1084
17.1923
17.2099
17.1672
17.0704
16.9262
16.7421
16.5239
16.2785
16.0122
15.7313
15.4415
15.1484
14.8569
14.5717
14.2965
14.0348
13.7895
13.562
13.3542
13.1687
13.0065
12.8671
12.7513
12.6594
12.5905
12.5441
12.5194
12.5156
12.5313
12.5655
12.6164
12.6829
12.7631
12.8561
12.9599
13.0728
13.1939
13.3211
13.4526
13.5881
13.7262
13.8656
14.004
14.1404
14.2746
14.4057
14.5327
14.6547
14.771
14.8809
14.967
-4.78859
-4.36607
-3.93762
-3.50416
-3.07002
-2.63611
-2.20338
-1.77283
-1.34556
-0.922641
-0.505191
-0.091537
0.31674
0.71554
1.10357
1.48203
1.84917
2.20129
2.53713
2.85744
3.16056
3.44509
3.70952
3.95125
4.17079
4.36693
4.53894
4.6868
4.80897
4.9054
4.97605
5.02146
5.04232
5.0394
5.01428
4.9685
4.90408
4.82353
4.73024
4.62781
4.51966
4.41007
4.30372
4.20567
4.12127
4.05608
4.01583
4.00622
4.03351
4.10328
4.22072
4.39113
4.61934
4.90785
5.26007
5.67794
6.15683
6.68976
7.27184
7.89717
8.5584
9.24795
9.95764
10.6782
11.4007
12.1161
12.8148
13.488
14.1275
14.7249
15.2732
15.7661
16.1981
16.565
16.8618
17.0862
17.2413
17.3309
17.3594
17.3322
17.2549
17.1337
16.9752
16.7849
16.569
16.3333
16.0833
15.8245
15.5617
15.2995
15.0421
14.7929
14.5551
14.3314
14.123
13.9316
13.7597
13.608
13.4764
13.3653
13.2753
13.2053
13.1551
13.1239
13.1109
13.115
13.1351
13.1699
13.2182
13.2784
13.3495
13.43
13.5182
13.6133
13.7135
13.8172
13.924
14.0327
14.1421
14.2504
14.3565
14.4603
14.5608
14.6574
14.7491
14.8353
14.9154
14.9768
-4.7936
-4.38118
-3.96298
-3.53988
-3.11606
-2.69233
-2.26958
-1.84874
-1.43079
-1.01674
-0.607584
-0.201616
0.199714
0.592469
0.975472
1.35
1.71445
2.06526
2.40128
2.72338
3.03005
3.32
3.59185
3.84305
4.07424
4.2843
4.47258
4.63921
4.78261
4.90272
4.9995
5.07341
5.12526
5.15553
5.16567
5.1572
5.13194
5.09213
5.04069
4.98086
4.91587
4.84957
4.78618
4.73025
4.68661
4.66028
4.65642
4.68029
4.73753
4.83305
4.97149
5.15779
5.39625
5.68902
6.03926
6.4487
6.91281
7.42505
7.98103
8.57541
9.20151
9.85251
10.521
11.1986
11.8772
12.5486
13.2041
13.8359
14.4363
14.9979
15.5142
15.9796
16.3891
16.7388
17.0241
17.2428
17.3976
17.4921
17.5302
17.5168
17.4571
17.3566
17.2213
17.0563
16.8671
16.6591
16.4371
16.2062
15.9708
15.735
15.5026
15.2768
15.0605
14.856
14.6645
14.4875
14.3274
14.1849
14.0597
13.9523
13.8631
13.7915
13.737
13.6989
13.6767
13.6693
13.6758
13.6949
13.7256
13.7666
13.8169
13.875
13.9397
14.0101
14.0846
14.1619
14.2415
14.3224
14.4034
14.4831
14.5606
14.6356
14.7074
14.7751
14.8381
14.8959
14.9479
14.9861
-4.798
-4.39443
-3.98523
-3.57121
-3.15641
-2.74159
-2.32755
-1.91515
-1.50528
-1.09886
-0.696811
-0.29737
0.0981303
0.4859
0.864865
1.23638
1.59899
1.94925
2.2861
2.61055
2.92119
3.21685
3.49628
3.75697
3.99967
4.22337
4.42746
4.61222
4.77604
4.91885
5.04059
5.14168
5.22299
5.28479
5.32835
5.35522
5.367
5.36571
5.3538
5.33419
5.30992
5.28446
5.26158
5.24539
5.24021
5.25056
5.28106
5.33659
5.42218
5.54213
5.7006
5.90213
6.1506
6.44778
6.7966
7.1986
7.64935
8.14273
8.67476
9.24066
9.83438
10.4498
11.0802
11.7179
12.3558
12.9865
13.6019
14.1951
14.7592
15.2874
15.7739
16.2137
16.602
16.9355
17.2098
17.4228
17.5769
17.6756
17.7221
17.7211
17.6771
17.5953
17.481
17.3389
17.1739
16.9909
16.7943
16.5887
16.378
16.1661
15.9562
15.7514
15.5542
15.3668
15.1903
15.026
14.8761
14.7413
14.6212
14.5165
14.4275
14.3535
14.2942
14.2491
14.2176
14.1987
14.1918
14.1956
14.2093
14.2317
14.2619
14.2986
14.3407
14.3874
14.4374
14.4895
14.5433
14.5976
14.6517
14.7042
14.7545
14.8022
14.8465
14.8869
14.9227
14.9535
14.9787
14.9949
-4.80181
-4.40591
-4.00449
-3.59832
-3.19131
-2.78415
-2.3776
-1.97241
-1.56942
-1.16946
-0.773383
-0.379359
0.0113818
0.39518
0.771056
1.14045
1.50202
1.85243
2.19074
2.51804
2.83305
3.1347
3.42186
3.69202
3.94609
4.18312
4.40255
4.60482
4.78826
4.95278
5.09834
5.2253
5.3346
5.42627
5.50148
5.56175
5.60851
5.64355
5.6689
5.68717
5.70126
5.71424
5.72951
5.75072
5.78175
5.82664
5.88953
5.97493
6.08732
6.23043
6.40795
6.62409
6.8823
7.18401
7.53195
7.92749
8.36626
8.84251
9.3527
9.89252
10.4565
11.0392
11.6344
12.2355
12.8358
13.4288
14.0072
14.5647
15.0951
15.5923
16.051
16.4668
16.8353
17.1535
17.4173
17.6246
17.7777
17.8798
17.9337
17.9436
17.9137
17.8487
17.7532
17.6317
17.4884
17.3279
17.1542
16.9712
16.7827
16.5921
16.4024
16.2163
16.036
15.8637
15.7003
15.547
15.4057
15.2772
15.1612
15.0581
14.9684
14.8915
14.827
14.7746
14.7337
14.7036
14.6834
14.6724
14.6696
14.674
14.6848
14.701
14.7216
14.7457
14.7723
14.8004
14.8295
14.8586
14.8871
14.9138
14.9383
14.96
14.9783
14.9928
15.0028
15.008
15.008
15.0032
-4.80506
-4.41569
-4.02089
-3.6214
-3.22099
-2.82033
-2.42008
-2.02094
-1.62369
-1.22908
-0.837881
-0.448218
-0.0612191
0.319571
0.693258
1.06136
1.42266
1.7739
2.11424
2.44486
2.76461
3.0725
3.36749
3.64712
3.91239
4.16244
4.39676
4.6159
4.81816
5.00346
5.17172
5.32326
5.45909
5.57906
5.68416
5.77595
5.85568
5.92494
5.98535
6.03925
6.08939
6.13849
6.18959
6.24594
6.311
6.38837
6.48175
6.59528
6.73297
6.89799
7.09361
7.32374
7.59143
7.8978
8.24538
8.63537
9.06348
9.5243
10.0147
10.5307
11.0675
11.6202
12.1833
12.7506
13.3164
13.8746
14.4188
14.9433
15.4426
15.9111
16.3441
16.7375
17.0874
17.3912
17.645
17.8468
17.9986
18.1033
18.1635
18.183
18.1656
18.1153
18.0367
17.9335
17.8097
17.6692
17.5158
17.3531
17.1844
17.0127
16.8408
16.6711
16.5058
16.3466
16.1945
16.0505
15.9165
15.793
15.6799
15.5775
15.4864
15.406
15.336
15.2761
15.2257
15.1843
15.1512
15.1257
15.1069
15.0941
15.0863
15.0828
15.0828
15.0853
15.0897
15.095
15.1006
15.1058
15.1099
15.1122
15.1122
15.1094
15.1031
15.093
15.0786
15.0596
15.0356
15.0111
-4.80778
-4.42385
-4.03458
-3.64065
-3.24573
-2.85044
-2.45538
-2.06121
-1.66861
-1.27829
-0.890933
-0.504632
-0.120415
0.258273
0.63062
0.998219
1.35995
1.71266
2.05557
2.38995
2.71477
3.02911
3.33204
3.6211
3.8974
4.16016
4.40889
4.64429
4.8646
5.06973
5.2596
5.43448
5.59545
5.74215
5.87547
5.99696
6.10772
6.20915
6.3025
6.38986
6.47382
6.55681
6.64152
6.73083
6.82781
6.93567
7.05768
7.19767
7.3592
7.54493
7.75775
8.00127
8.27817
8.5893
8.937
9.32232
9.74103
10.188
10.6605
11.1549
11.667
12.1923
12.726
13.2625
13.7966
14.3229
14.8357
15.3299
15.8005
16.2424
16.6516
17.0242
17.3569
17.6472
17.8914
18.0876
18.2378
18.3444
18.4099
18.4377
18.4312
18.394
18.3302
18.2432
18.1366
18.0139
17.8785
17.7337
17.5824
17.4273
17.2711
17.1158
16.9633
16.8155
16.6729
16.5367
16.4085
16.2888
16.1776
16.0751
15.9819
15.8975
15.8216
15.7539
15.6941
15.6416
15.5959
15.5562
15.522
15.4926
15.4669
15.4446
15.4249
15.4068
15.39
15.3736
15.357
15.3395
15.3206
15.2998
15.2766
15.2505
15.221
15.1877
15.1503
15.1084
15.0618
15.0186
-4.80998
-4.43049
-4.04572
-3.65629
-3.26581
-2.87483
-2.48392
-2.09367
-1.70471
-1.31768
-0.933205
-0.549328
-0.166993
0.210445
0.582244
0.950072
1.31291
1.66766
2.01362
2.35218
2.68237
3.00336
3.31429
3.61272
3.89988
4.17502
4.4377
4.68876
4.92636
5.15042
5.36084
5.55785
5.7426
5.91454
6.07446
6.2239
6.36382
6.49545
6.6197
6.73841
6.85406
6.96879
7.08497
7.20514
7.33203
7.46846
7.61733
7.78219
7.96615
8.17143
8.40056
8.65687
8.94274
9.25871
9.607
9.98848
10.399
10.8337
11.29
11.765
12.2547
12.7552
13.262
13.7704
14.2755
14.7727
15.2568
15.7232
16.1674
16.5849
16.972
17.3254
17.642
17.9195
18.1546
18.3454
18.4936
18.6016
18.6715
18.7063
18.7092
18.6834
18.6325
18.5596
18.4681
18.3611
18.2415
18.1123
17.9762
17.8356
17.6929
17.55
17.4086
17.2703
17.1357
17.0057
16.882
16.7651
16.6548
16.5513
16.4554
16.3665
16.2844
16.2088
16.1396
16.0761
16.0179
15.9646
15.9155
15.87
15.8273
15.787
15.7484
15.7108
15.6739
15.6369
15.5992
15.5602
15.5195
15.4768
15.4317
15.3837
15.3322
15.277
15.2178
15.1544
15.0864
15.0256
-4.81172
-4.43572
-4.05447
-3.66855
-3.28152
-2.89387
-2.50613
-2.11883
-1.73256
-1.34789
-0.965396
-0.583068
-0.201776
0.175201
0.547188
0.915924
1.28047
1.63781
1.98728
2.33037
2.66619
2.99399
3.31298
3.62073
3.91854
4.20574
4.48193
4.74804
5.0022
5.24431
5.47426
5.69224
5.89947
6.09521
6.28016
6.45587
6.62318
6.78313
6.93632
7.08438
7.22968
7.37409
7.5197
7.66874
7.82361
7.98678
8.16081
8.34899
8.55405
8.77777
9.02235
9.2909
9.58548
9.90638
10.2557
10.6341
11.0375
11.4613
11.9033
12.3609
12.8304
13.3083
13.7909
14.2737
14.7525
15.2232
15.681
16.1218
16.5419
16.937
17.3038
17.6395
17.9411
18.2066
18.433
18.6185
18.7644
18.8731
18.9464
18.9871
18.998
18.982
18.9423
18.8817
18.8033
18.7098
18.6039
18.4882
18.3652
18.2372
18.106
17.9736
17.8415
17.7111
17.5829
17.4579
17.3375
17.2223
17.1119
17.0068
16.9076
16.8137
16.7251
16.6416
16.5628
16.4885
16.4183
16.3516
16.2881
16.2272
16.1681
16.1106
16.0541
15.998
15.9418
15.8854
15.8277
15.7684
15.707
15.6437
15.578
15.5092
15.437
15.3612
15.2815
15.1977
15.1096
15.0322
-4.81302
-4.43961
-4.06098
-3.67767
-3.29318
-2.90794
-2.52246
-2.13721
-1.75274
-1.36957
-0.988221
-0.606634
-0.22561
0.151636
0.524489
0.894756
1.26158
1.62198
1.97538
2.32332
2.66501
2.99975
3.32683
3.6438
3.95208
4.25103
4.54027
4.82085
5.09085
5.35015
5.59865
5.83649
6.06494
6.28312
6.49161
6.692
6.88497
7.07145
7.25173
7.42723
7.60024
7.77238
7.94547
8.12148
8.30248
8.49066
8.68824
8.89828
9.12316
9.36425
9.62348
9.90372
10.2068
10.5326
10.8833
11.2594
11.6568
12.0711
12.5004
12.9423
13.3937
13.8514
14.312
14.7717
15.2266
15.6732
16.1071
16.5247
16.9227
17.2972
17.6454
17.9647
18.2524
18.5067
18.7248
18.9049
19.0484
19.1573
19.2332
19.2787
19.2962
19.2885
19.2583
19.2083
19.1411
19.0592
18.965
18.8609
18.7491
18.6316
18.5102
18.3865
18.262
18.138
18.015
17.8936
17.7754
17.6608
17.5496
17.4421
17.3391
17.2399
17.1445
17.0529
16.9647
16.8797
16.7977
16.7181
16.6407
16.565
16.4902
16.4162
16.3428
16.2689
16.1946
16.1197
16.0431
15.9646
15.8837
15.8008
15.7157
15.6274
15.5357
15.4404
15.3414
15.2385
15.1315
15.0384
-4.81391
-4.44229
-4.06545
-3.6839
-3.30108
-2.91742
-2.53335
-2.14933
-1.76584
-1.38338
-1.00241
-0.620818
-0.23935
0.138833
0.51317
0.885536
1.25514
1.61905
1.97673
2.32982
2.67758
3.01937
3.35454
3.68064
3.99917
4.30954
4.61139
4.90588
5.19103
5.46671
5.73281
5.98944
6.23792
6.47722
6.70785
6.93138
7.1484
7.3597
7.56529
7.76644
7.96531
8.16333
8.36206
8.56322
8.76862
8.98015
9.19975
9.43026
9.67374
9.93121
10.2043
10.4957
10.807
11.1379
11.4903
11.8647
12.257
12.6631
13.0812
13.5093
13.9444
14.384
14.8249
15.2637
15.6971
16.1218
16.534
16.9306
17.3084
17.6641
17.9953
18.2994
18.5742
18.818
19.0282
19.2031
19.3438
19.4524
19.5301
19.5793
19.6024
19.6015
19.5794
19.5382
19.4805
19.4083
19.3241
19.2297
19.1273
19.0185
18.9052
18.7886
18.6703
18.5512
18.4319
18.313
18.1959
18.0811
17.9683
17.8579
17.7505
17.6457
17.5434
17.4435
17.346
17.2505
17.1569
17.0649
16.974
16.8842
16.7943
16.7047
16.615
16.5243
16.4328
16.3404
16.2459
16.1493
16.05
15.9488
15.8452
15.7385
15.6285
15.5149
15.3978
15.2768
15.152
15.0443
-4.81443
-4.44384
-4.06803
-3.68746
-3.30555
-2.92268
-2.53926
-2.1557
-1.77246
-1.38998
-1.00868
-0.626413
-0.243856
0.135871
0.512252
0.887228
1.26007
1.62788
1.99017
2.34865
2.70264
3.05157
3.39481
3.72993
4.0585
4.37997
4.694
5.00185
5.30147
5.59275
5.87554
6.14994
6.41733
6.67651
6.92791
7.17315
7.41269
7.64719
7.87644
8.1015
8.3245
8.54664
8.76929
8.9939
9.22205
9.45537
9.69554
9.94521
10.2061
10.479
10.7652
11.0673
11.3865
11.7225
12.077
12.4504
12.8385
13.2375
13.6458
14.0617
14.4824
14.9058
15.3291
15.7492
16.1632
16.5681
16.9607
17.3381
17.6976
18.0363
18.3518
18.6419
18.9048
19.1388
19.3415
19.5111
19.649
19.7567
19.8356
19.8876
19.915
19.9197
19.9041
19.8703
19.8204
19.7564
19.6803
19.594
19.4993
19.3977
19.2908
19.1799
19.0662
18.9508
18.8341
18.7166
18.5997
18.4838
18.3688
18.2548
18.1427
18.0319
17.9225
17.8144
17.7076
17.6018
17.497
17.3928
17.289
17.1855
17.0813
16.9768
16.8716
16.765
16.6572
16.5482
16.4368
16.323
16.2065
16.0879
15.9671
15.8431
15.7157
15.585
15.4507
15.3129
15.1713
15.0498
-4.81461
-4.44438
-4.06889
-3.68861
-3.3069
-2.92412
-2.54065
-2.15687
-1.77319
-1.39003
-1.00777
-0.624198
-0.239959
0.141868
0.520809
0.898869
1.27538
1.64746
2.01465
2.37876
2.73916
3.09531
3.44664
3.7907
4.12914
4.46145
4.7873
5.10804
5.42158
5.72777
6.02649
6.31778
6.60308
6.88106
7.15209
7.41777
7.67849
7.9348
8.18624
8.43374
8.67935
8.92409
9.16913
9.41571
9.66518
9.91894
10.1784
10.4461
10.7235
11.011
11.3097
11.622
11.9489
12.2901
12.6469
13.0198
13.4046
13.7976
14.1974
14.6024
15.0104
15.4193
15.8268
16.23
16.6265
17.0136
17.3884
17.7485
18.0913
18.4143
18.7153
18.9927
19.2443
19.4691
19.6646
19.8291
19.9638
20.0703
20.1496
20.2037
20.2344
20.2435
20.2332
20.2053
20.1618
20.1045
20.0351
19.9552
19.8667
19.7708
19.6689
19.5623
19.4521
19.3392
19.2239
19.1069
18.9893
18.8716
18.7536
18.6356
18.5183
18.4013
18.2846
18.1683
18.0522
17.9362
17.8204
17.7044
17.5882
17.4715
17.3535
17.2346
17.1147
16.9928
16.8695
16.7448
16.6174
16.4873
16.3543
16.2193
16.0822
15.9418
15.7981
15.6511
15.5007
15.3469
15.1896
15.055
-4.81448
-4.44398
-4.06818
-3.68753
-3.30537
-2.92204
-2.53787
-2.15323
-1.7685
-1.38405
-1.00024
-0.614807
-0.228346
0.156086
0.538054
0.919623
1.30017
1.67684
2.04922
2.41917
2.78611
3.14954
3.50895
3.86185
4.20998
4.55284
4.89015
5.22332
5.5502
5.87066
6.18454
6.49186
6.79412
7.08986
7.37937
7.66429
7.9449
8.22166
8.49389
8.7624
9.02915
9.29503
9.561
9.82811
10.0975
10.3704
10.648
10.9326
11.2255
11.5267
11.8373
12.1594
12.494
12.8402
13.1997
13.5726
13.9548
14.3428
14.7352
15.1308
15.5276
15.9237
16.3171
16.7052
17.086
17.4571
17.8159
18.1602
18.4878
18.7965
19.0844
19.3498
19.5912
19.8072
19.9958
20.1553
20.2867
20.3915
20.4707
20.5259
20.559
20.5714
20.5652
20.542
20.5035
20.4514
20.3872
20.3125
20.2287
20.1371
20.039
19.9355
19.8275
19.716
19.6012
19.4837
19.3646
19.2445
19.123
19.0004
18.8776
18.7542
18.6301
18.5054
18.3801
18.2542
18.1275
18.0001
17.8718
17.7424
17.6112
17.4786
17.3446
17.2082
17.0701
16.9304
16.7878
16.6424
16.4938
16.3433
16.1907
16.0349
15.8758
15.7134
15.5479
15.379
15.2068
15.0599
-4.81407
-4.44274
-4.06606
-3.68446
-3.30128
-2.91681
-2.53138
-2.14532
-1.75898
-1.37271
-0.98683
-0.599041
-0.209891
0.17758
0.562969
0.948403
1.33331
1.71482
2.09257
2.4685
2.84205
3.21276
3.58017
3.94176
4.29933
4.65243
5.00077
5.34585
5.68547
6.01948
6.34772
6.67018
6.98841
7.30082
7.60766
7.91057
8.20976
8.5056
8.7972
9.08525
9.37168
9.6572
9.94262
10.2288
10.5168
10.8075
11.1019
11.4023
11.7097
12.0239
12.3457
12.6772
13.0191
13.3704
13.7328
14.1062
14.4866
14.8704
15.2566
15.6441
16.0311
16.4159
16.7968
17.1717
17.5385
17.8952
18.2397
18.5698
18.8838
19.1796
19.4555
19.7101
19.9418
20.1498
20.3317
20.4862
20.6141
20.7169
20.7954
20.8511
20.8857
20.9004
20.8972
20.8775
20.8428
20.7946
20.7344
20.6634
20.5831
20.4945
20.3989
20.2972
20.1904
20.0793
19.9642
19.8454
19.7241
19.6009
19.4754
19.348
19.2194
19.0893
18.9577
18.8248
18.6904
18.5547
18.4176
18.2791
18.1392
17.9977
17.8538
17.7081
17.5607
17.4106
17.2586
17.1048
16.9478
16.7879
16.6247
16.4596
16.2925
16.1222
15.9486
15.7719
15.592
15.409
15.2229
15.0645
-4.81341
-4.44075
-4.0627
-3.67964
-3.29491
-2.9088
-2.5216
-2.13362
-1.7452
-1.35663
-0.96824
-0.577665
-0.185419
0.205464
0.594615
0.984216
1.37373
1.7603
2.14359
2.52558
2.90579
3.28376
3.65907
4.02918
4.39595
4.75895
5.11791
5.4744
5.82617
6.17306
6.51489
6.85165
7.18491
7.51298
7.83605
8.15579
8.47234
8.78595
9.0956
9.40184
9.70656
10.0103
10.3139
10.6178
10.923
11.2303
11.5405
11.8556
12.1765
12.5029
12.8353
13.1758
13.5247
13.8812
14.2466
14.6209
15
15.3806
15.7616
16.1422
16.5207
16.8957
17.2657
17.6288
17.9832
18.3272
18.6588
18.9763
19.278
19.5621
19.8271
20.0717
20.2947
20.495
20.6706
20.8202
20.9446
21.0451
21.1224
21.1779
21.2131
21.2293
21.228
21.2107
21.1787
21.1332
21.0757
21.0073
20.9293
20.8427
20.7485
20.6477
20.5411
20.4295
20.3131
20.1923
20.0683
19.9415
19.8116
19.6789
19.5444
19.4075
19.2684
19.1272
18.984
18.8387
18.6915
18.5424
18.3912
18.2382
18.0822
17.9241
17.764
17.6009
17.4357
17.2685
17.098
16.9244
16.7475
16.5687
16.3879
16.204
16.0169
15.8267
15.6334
15.4372
15.238
15.0688
-4.81255
-4.43815
-4.05828
-3.67334
-3.28665
-2.89847
-2.50908
-2.11878
-1.72787
-1.33664
-0.945371
-0.55167
-0.156016
0.238562
0.63172
1.02569
1.41998
1.81173
2.20061
2.58869
2.97549
3.3606
3.74362
4.12198
4.49761
4.8701
5.23918
5.60648
5.96973
6.32872
6.68331
7.03342
7.38069
7.72332
8.06146
8.39678
8.72936
9.0594
9.38568
9.70868
10.0302
10.3508
10.671
10.9913
11.3124
11.6349
11.9596
12.2883
12.6219
12.9596
13.3019
13.6508
14.0065
14.368
14.7366
15.1121
15.4906
15.8686
16.2455
16.6202
16.9915
17.3581
17.7187
18.0715
18.4151
18.748
19.0683
19.3746
19.6653
19.9389
20.1941
20.4298
20.6446
20.8379
21.0076
21.1525
21.2732
21.3711
21.4468
21.5016
21.5368
21.5536
21.5534
21.5375
21.507
21.4633
21.4074
21.3406
21.2637
21.178
21.0842
20.9834
20.8761
20.7633
20.6451
20.5217
20.3943
20.2635
20.129
19.9908
19.8502
19.7066
19.56
19.4108
19.2589
19.1044
18.9475
18.7882
18.6264
18.4623
18.2949
18.1252
17.9532
17.7779
17.6003
17.4206
17.2376
17.0512
16.8615
16.6699
16.4765
16.2799
16.0802
15.8775
15.6719
15.4633
15.252
15.0728
-4.81153
-4.43506
-4.05306
-3.6659
-3.27691
-2.88634
-2.49445
-2.10152
-1.70782
-1.31365
-0.919247
-0.522182
-0.122907
0.275548
0.672862
1.07132
1.47045
1.8674
2.26185
2.65592
3.04918
3.44122
3.83168
4.21795
4.60203
4.98351
5.36214
5.73962
6.11359
6.48389
6.85032
7.21282
7.57304
7.92911
8.28111
8.63074
8.97804
9.32312
9.66462
10.0029
10.3399
10.6758
11.0111
11.3463
11.6819
12.0184
12.3564
12.6977
13.0428
13.3909
13.7425
14.0992
14.4614
14.8278
15.1996
15.5767
15.955
16.3312
16.7047
17.0746
17.4399
17.7993
18.1519
18.4959
18.8302
19.1533
19.4638
19.7602
20.0413
20.3057
20.5521
20.7797
20.9872
21.1739
21.3381
21.4784
21.5955
21.6907
21.7645
21.818
21.8527
21.8694
21.8694
21.8541
21.8243
21.7814
21.7263
21.6599
21.5835
21.4977
21.4036
21.3019
21.1933
21.0787
20.9579
20.8315
20.7005
20.5654
20.426
20.2823
20.1356
19.9853
19.8315
19.6744
19.5142
19.3509
19.1848
19.0158
18.844
18.6697
18.4916
18.3109
18.1278
17.9411
17.7521
17.5609
17.3662
17.1681
16.9665
16.7632
16.5581
16.3498
16.1385
15.9242
15.7072
15.4874
15.2648
15.0765
-4.81038
-4.43159
-4.0472
-3.65756
-3.26601
-2.87279
-2.47816
-2.08235
-1.68565
-1.28832
-0.890587
-0.489981
-0.0869314
0.315528
0.717094
1.1201
1.5241
1.92623
2.32619
2.72616
3.12571
3.52448
3.9221
4.31596
4.70808
5.0981
5.48575
5.8728
6.25684
6.63769
7.01516
7.38915
7.76137
8.12985
8.49464
8.85745
9.21827
9.57715
9.93261
10.285
10.636
10.9859
11.3352
11.684
12.0329
12.3822
12.7323
13.0851
13.4409
13.7987
14.1589
14.523
14.8913
15.2624
15.6374
16.0163
16.3948
16.7698
17.1406
17.5067
17.8669
18.2203
18.566
18.9025
19.2286
19.5434
19.8452
20.133
20.4056
20.6618
20.9004
21.1207
21.3215
21.5023
21.6612
21.7971
21.9106
22.0029
22.0745
22.1265
22.1601
22.1761
22.1758
22.1603
22.1305
22.0876
22.0324
21.9659
21.889
21.8025
21.7073
21.6042
21.4937
21.3767
21.2531
21.1232
20.9883
20.8487
20.7042
20.555
20.4022
20.2453
20.0844
19.9199
19.7517
19.58
19.4051
19.227
19.0458
18.8617
18.6736
18.4828
18.2893
18.0921
17.8923
17.6905
17.4849
17.2759
17.0634
16.8492
16.6333
16.4143
16.1923
15.9673
15.7398
15.5095
15.2767
15.0798
-4.80914
-4.42783
-4.04084
-3.64853
-3.25422
-2.85817
-2.46059
-2.06174
-1.66186
-1.26121
-0.860013
-0.455743
-0.0488141
0.357729
0.763601
1.17118
1.58004
1.98731
2.3927
2.79843
3.20412
3.60939
4.0139
4.41502
4.81482
5.21293
5.60911
6.00517
6.39865
6.78938
7.17714
7.56182
7.94518
8.32514
8.70174
9.07671
9.44998
9.82156
10.1898
10.5551
10.919
11.2818
11.6438
12.0052
12.3662
12.7272
13.0885
13.4519
13.8175
14.1844
14.5525
14.9236
15.2977
15.6733
16.0516
16.4325
16.8116
17.1858
17.5546
17.9176
18.2736
18.6219
18.9617
19.2917
19.6109
19.9183
20.2127
20.4929
20.758
21.0068
21.2385
21.4521
21.6469
21.8221
21.9761
22.1078
22.2178
22.3071
22.3763
22.4264
22.4585
22.4733
22.4722
22.4559
22.4255
22.382
22.3261
22.2587
22.1807
22.093
21.9962
21.8911
21.7782
21.6584
21.5316
21.398
21.2589
21.1148
20.9652
20.8104
20.6516
20.4883
20.3205
20.1487
19.9728
19.7931
19.6099
19.4231
19.233
19.0399
18.8424
18.642
18.4388
18.2318
18.0221
17.8103
17.5946
17.3756
17.1529
16.9286
16.7027
16.4738
16.2419
16.0071
15.7698
15.53
15.2877
15.083
-4.80782
-4.42384
-4.03412
-3.63898
-3.24178
-2.84274
-2.44209
-2.04006
-1.63689
-1.23282
-0.828054
-0.420041
-0.00917369
0.401493
0.811686
1.22383
1.63752
2.04985
2.46056
2.87192
3.28355
3.6951
4.10625
4.51431
4.92143
5.32723
5.73147
6.13601
6.53837
6.93833
7.33571
7.73035
8.12405
8.51467
8.9022
9.2884
9.67316
10.0564
10.4365
10.8136
11.1894
11.564
11.9377
12.3106
12.6828
13.0546
13.4262
13.7994
14.1741
14.5493
14.9249
15.3025
15.6821
16.0621
16.4437
16.8266
17.2065
17.5804
17.9478
18.3082
18.6608
19.0049
19.3398
19.6642
19.9774
20.2784
20.5661
20.8397
21.0982
21.3405
21.5658
21.7735
21.9627
22.1328
22.2822
22.4099
22.5163
22.6027
22.6693
22.7173
22.7475
22.7609
22.7583
22.7409
22.7094
22.6646
22.6075
22.5388
22.4593
22.3697
22.2709
22.1633
22.0478
21.9249
21.7946
21.6571
21.5137
21.3649
21.2102
21.0498
20.8852
20.7155
20.5411
20.3622
20.179
19.9917
19.8005
19.6056
19.4071
19.2054
18.9991
18.7898
18.5775
18.3613
18.1424
17.9213
17.6963
17.4678
17.2358
17.0022
16.767
16.5289
16.2878
16.0439
15.7977
15.5489
15.2978
15.0859
-4.80645
-4.41971
-4.02714
-3.62907
-3.22887
-2.82676
-2.42294
-2.01764
-1.6111
-1.20354
-0.795163
-0.383367
0.0314636
0.446259
0.860758
1.27743
1.69587
2.11318
2.52909
2.94593
3.36332
3.78093
4.19844
4.61315
5.02723
5.44032
5.85219
6.26474
6.67544
7.08407
7.49042
7.89436
8.29768
8.69819
9.09586
9.49246
9.88783
10.2819
10.6729
11.0608
11.4476
11.8331
12.2175
12.601
12.9835
13.3653
13.7464
14.1286
14.5118
14.8947
15.2773
15.661
16.0458
16.4301
16.8149
17.2
17.581
17.9548
18.3212
18.6797
19.0295
19.3701
19.7007
20.0204
20.3283
20.6238
20.9058
21.1735
21.4261
21.6626
21.8823
22.0846
22.2687
22.434
22.5791
22.7028
22.8058
22.8891
22.9531
22.9988
23.027
23.0384
23.0342
23.0152
22.9821
22.9358
22.877
22.8065
22.725
22.6333
22.532
22.4218
22.3032
22.177
22.043
21.9015
21.7537
21.6001
21.4403
21.2745
21.104
20.9282
20.7474
20.5618
20.3715
20.1769
19.9783
19.7756
19.5692
19.3594
19.1449
18.9271
18.7064
18.4816
18.2541
18.0243
17.7906
17.5534
17.3126
17.0703
16.8266
16.5799
16.3303
16.078
15.8234
15.5664
15.3072
15.0885
-4.80505
-4.41548
-4.02
-3.61894
-3.21568
-2.81042
-2.40339
-1.99478
-1.58483
-1.17375
-0.761739
-0.346154
0.0726304
0.49153
0.910292
1.33142
1.75454
2.17671
2.59769
3.01984
3.4428
3.86623
4.28985
4.7109
5.13161
5.55162
5.97071
6.3908
6.80934
7.22609
7.64086
8.05346
8.46575
8.87547
9.28254
9.68877
10.094
10.498
10.899
11.297
11.6939
12.0894
12.4838
12.877
13.269
13.6599
14.0499
14.4404
14.8314
15.2216
15.6106
16.0002
16.39
16.7783
17.1663
17.5536
17.9358
18.3099
18.6757
19.0327
19.3803
19.7179
20.045
20.3606
20.6641
20.9548
21.2317
21.4942
21.7416
21.9729
22.1875
22.3849
22.5643
22.7252
22.8662
22.9862
23.0859
23.1661
23.2274
23.2705
23.2964
23.3058
23.2997
23.2787
23.2438
23.1955
23.1347
23.0621
22.9783
22.8841
22.7801
22.6669
22.5452
22.4154
22.2776
22.132
21.9797
21.8214
21.6565
21.4853
21.3092
21.1275
20.9404
20.7483
20.5514
20.3499
20.144
19.9341
19.7202
19.5027
19.2804
19.0548
18.8262
18.5933
18.3578
18.1199
17.8782
17.6328
17.3839
17.1336
16.8818
16.6272
16.3697
16.1097
15.8473
15.5826
15.3159
15.091
-4.80363
-4.41119
-4.01277
-3.60869
-3.20233
-2.79392
-2.38365
-1.97171
-1.55834
-1.14375
-0.728108
-0.308756
0.113948
0.536902
0.959861
1.38537
1.81306
2.23997
2.66587
3.09315
3.52147
3.95051
4.37997
4.80707
5.2341
5.66068
6.08659
6.5138
6.93971
7.3641
7.78673
8.20744
8.62809
9.04637
9.46218
9.87735
10.2916
10.7049
11.1152
11.5226
11.9287
12.3335
12.737
13.1392
13.54
13.9394
14.3375
14.7358
15.1341
15.531
15.9261
16.3211
16.7156
17.1079
17.499
17.8885
18.2721
18.6468
19.0122
19.3682
19.7139
20.0491
20.3732
20.6853
20.9849
21.2715
21.544
21.8019
22.0446
22.2713
22.4814
22.6743
22.8493
23.0061
23.1433
23.2597
23.3561
23.4333
23.4918
23.5324
23.5559
23.563
23.5547
23.5316
23.4945
23.444
23.381
23.3059
23.2196
23.1227
23.0158
22.8995
22.7743
22.6409
22.4992
22.3494
22.1927
22.0296
21.8598
21.6833
21.5017
21.3143
21.1212
20.9229
20.7196
20.5114
20.2988
20.0819
19.861
19.6363
19.4068
19.1738
18.9377
18.6973
18.4542
18.2089
17.9595
17.7066
17.4502
17.1923
16.9332
16.6711
16.4064
16.139
15.8695
15.5977
15.324
15.0933
-4.8022
-4.4069
-4.00553
-3.59841
-3.18897
-2.77739
-2.36388
-1.94863
-1.53187
-1.11378
-0.694545
-0.271469
0.155099
0.582038
1.00911
1.4389
1.87104
2.30256
2.73322
3.16546
3.59895
4.03336
4.4684
4.90129
5.33431
5.76712
6.19949
6.63342
7.06628
7.49783
7.92784
8.35613
8.78458
9.21084
9.63479
10.0583
10.481
10.9029
11.3218
11.7377
12.1524
12.5658
12.9778
13.3883
13.7972
14.2045
14.6102
15.0156
15.4207
15.8238
16.2247
16.6248
17.0238
17.4198
17.814
18.2058
18.5909
18.9662
19.3316
19.6868
20.0312
20.3644
20.6859
20.9951
21.2914
21.5743
21.843
22.0968
22.3354
22.5579
22.7638
22.9526
23.1237
23.2767
23.4102
23.5232
23.6164
23.6906
23.7463
23.7843
23.8053
23.81
23.7993
23.7738
23.7344
23.6815
23.616
23.5384
23.4494
23.3495
23.2396
23.12
22.9913
22.8543
22.7086
22.5546
22.3935
22.2257
22.051
21.8694
21.6825
21.4895
21.2906
21.0864
20.8769
20.6625
20.4435
20.22
19.9924
19.761
19.5246
19.2846
19.0416
18.7942
18.544
18.2917
18.0353
17.7753
17.5118
17.2469
16.9809
16.712
16.4404
16.1663
15.8901
15.6117
15.3315
15.0955
-4.80079
-4.40263
-3.99833
-3.5882
-3.17569
-2.76098
-2.34426
-1.92574
-1.50561
-1.08408
-0.66131
-0.234577
0.195777
0.626614
1.0577
1.49165
1.92811
2.36408
2.79935
3.23636
3.6748
4.11435
4.55474
4.99313
5.43185
5.87056
6.30903
6.7493
7.18869
7.62697
8.06389
8.49927
8.93502
9.36871
9.80023
10.2314
10.662
11.0918
11.5187
11.9426
12.3653
12.7866
13.2064
13.6246
14.0411
14.4556
14.8683
15.2804
15.6918
16.1008
16.507
16.9119
17.3152
17.7148
18.1119
18.506
18.8926
19.2688
19.6343
19.989
20.3324
20.664
20.9834
21.2901
21.5836
21.8633
22.1286
22.3789
22.6138
22.8325
23.0347
23.2198
23.3872
23.5366
23.6666
23.7764
23.8665
23.9378
23.9907
24.0259
24.0444
24.0465
24.0334
24.0055
23.9635
23.9082
23.84
23.7596
23.6677
23.5649
23.4518
23.3288
23.1966
23.0558
22.9062
22.748
22.5825
22.4103
22.2307
22.0442
21.8521
21.6537
21.4494
21.2395
21.0242
20.8038
20.5786
20.349
20.1151
19.8773
19.6344
19.388
19.1384
18.8844
18.6277
18.3687
18.1057
17.8392
17.5691
17.2977
17.0253
16.75
16.472
16.1917
15.9092
15.6248
15.3384
15.0974
-4.79939
-4.39841
-3.99122
-3.57813
-3.16258
-2.74478
-2.32491
-1.90316
-1.47974
-1.05483
-0.628598
-0.19829
0.235759
0.67039
1.10538
1.54336
1.984
2.42427
2.86396
3.30556
3.74875
4.19322
4.6387
5.08232
5.52645
5.97076
6.41499
6.86123
7.30677
7.75137
8.19477
8.63679
9.07934
9.51998
9.95856
10.3969
10.8348
11.272
11.7063
12.1376
12.5676
12.9963
13.4234
13.8487
14.2721
14.6934
15.1126
15.5309
15.9482
16.3626
16.7739
17.1833
17.5906
17.9937
18.3936
18.79
19.1782
19.5553
19.9212
20.2757
20.6182
20.9485
21.2663
21.5708
21.8618
22.1388
22.4011
22.6482
22.8798
23.0952
23.2939
23.4756
23.6397
23.7857
23.9125
24.0191
24.1063
24.1747
24.2248
24.2574
24.2732
24.2728
24.2571
24.2267
24.1821
24.1241
24.0532
23.97
23.8752
23.7692
23.6529
23.5265
23.3908
23.2463
23.0927
22.9304
22.7607
22.5839
22.3998
22.2084
22.0113
21.8078
21.5982
21.3829
21.162
20.9359
20.705
20.4695
20.2297
19.9859
19.737
19.4844
19.2287
18.9685
18.7056
18.4405
18.1714
17.8987
17.6225
17.345
17.0666
16.7853
16.5015
16.2153
15.9271
15.6369
15.3449
15.0993
-4.79802
-4.39428
-3.98425
-3.56823
-3.14972
-2.7289
-2.30594
-1.88103
-1.45438
-1.02617
-0.596572
-0.162785
0.274854
0.713166
1.15193
1.59382
2.03848
2.4829
2.92684
3.37283
3.82057
4.26973
4.72005
5.16865
5.61791
6.06751
6.51719
6.96906
7.42039
7.87092
8.3204
8.76863
9.21755
9.66467
10.1098
10.5549
10.9996
11.4436
11.8847
12.3229
12.7598
13.1953
13.6291
14.061
14.4909
14.9185
15.3436
15.7678
16.1905
16.6101
17.026
17.4398
17.8508
18.2572
18.66
19.0585
19.4483
19.8265
20.1928
20.5473
20.8892
21.2185
21.5349
21.8376
22.1265
22.4011
22.6607
22.9051
23.1338
23.3461
23.5417
23.7203
23.8812
24.0241
24.1479
24.2515
24.3357
24.4014
24.4488
24.4787
24.4919
24.4889
24.4706
24.4375
24.3903
24.3296
24.2559
24.1698
24.072
23.963
23.8433
23.7136
23.5743
23.4261
23.2687
23.1023
22.9284
22.7473
22.5587
22.3626
22.1608
21.9524
21.7377
21.5172
21.291
21.0596
20.8232
20.5822
20.3367
20.0874
19.8327
19.5744
19.3129
19.047
18.7783
18.5075
18.2326
17.9542
17.6722
17.3891
17.105
16.8182
16.5289
16.2373
15.9437
15.6482
15.351
15.101
-4.7967
-4.3903
-3.97754
-3.55873
-3.13737
-2.71364
-2.28772
-1.85979
-1.43005
-0.998691
-0.565865
-0.128759
0.3123
0.754114
1.19646
1.64205
2.09053
2.53886
2.98681
3.43694
3.88894
4.34251
4.79737
5.25061
5.70466
6.15918
6.61392
7.07102
7.52771
7.98372
8.43881
8.89276
9.34754
9.80061
10.2518
10.703
11.1539
11.6042
12.0516
12.496
12.9392
13.3809
13.8208
14.2588
14.6946
15.1279
15.5586
15.988
16.4158
16.8401
17.2604
17.6781
18.0927
18.5022
18.9075
19.3082
19.6996
20.0789
20.4458
20.8003
21.1419
21.4705
21.7857
22.0869
22.374
22.6465
22.9039
23.1459
23.3719
23.5816
23.7744
23.9501
24.1082
24.2482
24.3691
24.47
24.5515
24.6144
24.6592
24.6865
24.6971
24.6916
24.6707
24.6351
24.5852
24.5218
24.4453
24.3564
24.2556
24.1435
24.0207
23.8876
23.7449
23.5931
23.432
23.2617
23.0838
22.8986
22.7056
22.5052
22.2988
22.0858
21.8664
21.641
21.41
21.1735
20.9321
20.6859
20.4352
20.1806
19.9206
19.6571
19.3903
19.119
18.845
18.5689
18.2887
18.005
17.7178
17.4295
17.1403
16.8484
16.5541
16.2574
15.9589
15.6585
15.3565
15.1026
-4.79545
-4.38653
-3.97119
-3.54973
-3.12567
-2.69919
-2.27047
-1.83968
-1.40703
-0.972694
-0.536831
-0.0965987
0.347677
0.792779
1.23849
1.68754
2.1396
2.59157
3.04327
3.49725
3.95322
4.41086
4.86993
5.32747
5.78594
6.24499
6.70439
7.16629
7.62789
8.08893
8.54915
9.00833
9.46846
9.92696
10.3836
10.8404
11.297
11.7529
12.2061
12.6562
13.105
13.5523
13.9979
14.4413
14.8824
15.321
15.7567
16.1909
16.6233
17.0518
17.4761
17.8974
18.3153
18.7277
19.1355
19.5382
19.9312
20.3115
20.679
21.0338
21.3752
21.7032
22.0174
22.3175
22.6031
22.8739
23.1293
23.3691
23.5929
23.8001
23.9905
24.1637
24.3191
24.4566
24.5749
24.6731
24.7521
24.8125
24.8548
24.8796
24.8878
24.8798
24.8564
24.8182
24.7658
24.6998
24.6206
24.5289
24.4252
24.3101
24.1842
24.048
23.9019
23.7467
23.5821
23.4081
23.2264
23.0373
22.8404
22.6358
22.4252
22.2079
21.9841
21.7542
21.5186
21.2775
21.0314
20.7805
20.525
20.2656
20.0008
19.7324
19.4608
19.1846
18.9058
18.6248
18.3398
18.0513
17.7593
17.4662
17.1724
16.8759
16.5769
16.2757
15.9727
15.6679
15.3615
15.104
-4.79428
-4.38298
-3.9652
-3.54124
-3.11464
-2.68557
-2.25421
-1.82073
-1.38534
-0.948208
-0.509491
-0.0663269
0.380963
0.829145
1.27801
1.73029
2.18567
2.64105
3.09623
3.55379
4.01344
4.47487
4.93782
5.39933
5.86187
6.32511
6.78879
7.2551
7.72121
8.18685
8.65177
9.11572
9.58073
10.0442
10.5059
10.9677
11.4294
11.8905
12.3488
12.8041
13.2581
13.7105
14.1611
14.6095
15.0555
15.4988
15.939
16.3776
16.8141
17.2466
17.6745
18.0992
18.5201
18.9352
19.3453
19.7498
20.1443
20.5257
20.894
21.249
21.5903
21.9179
22.2314
22.5305
22.8148
23.0841
23.3379
23.5758
23.7976
24.0027
24.1909
24.3618
24.5149
24.6499
24.7658
24.8617
24.9383
24.9963
25.0362
25.0587
25.0645
25.0541
25.0284
24.9878
24.9329
24.8643
24.7825
24.6881
24.5816
24.4637
24.3348
24.1956
24.0464
23.8879
23.7199
23.5426
23.3572
23.1645
22.9638
22.7554
22.5409
22.3196
22.0917
21.8577
21.6178
21.3725
21.122
20.8668
20.607
20.3432
20.0739
19.801
19.5249
19.2443
18.9611
18.6757
18.3863
18.0934
17.797
17.4997
17.2016
16.9009
16.5977
16.2924
15.9853
15.6765
15.3661
15.1053
-4.79317
-4.37964
-3.95958
-3.53327
-3.10428
-2.67277
-2.23894
-1.80294
-1.36498
-0.925231
-0.483844
-0.0379369
0.412171
0.863228
1.31502
1.77032
2.2288
2.68735
3.14575
3.60663
4.06969
4.53462
5.00116
5.46633
5.93264
6.39972
6.86733
7.33769
7.80794
8.27779
8.747
9.21533
9.68479
10.1527
10.619
11.0855
11.5518
12.0177
12.4807
12.9406
13.3993
13.8564
14.3115
14.7644
15.2148
15.6624
16.1068
16.5494
16.9897
17.4257
17.857
18.2847
18.7084
19.1259
19.5381
19.9445
20.3404
20.7229
21.0918
21.4472
21.7886
22.1158
22.4288
22.7271
23.0103
23.2783
23.5306
23.7669
23.987
24.1902
24.3764
24.5452
24.6962
24.8291
24.9427
25.0364
25.1108
25.1666
25.2043
25.2246
25.2281
25.2154
25.1874
25.1445
25.0872
25.0162
24.9319
24.8349
24.7258
24.6052
24.4735
24.3314
24.1792
24.0177
23.8465
23.6659
23.4773
23.2811
23.0769
22.8649
22.6468
22.4218
22.1901
21.9522
21.7085
21.4592
21.2048
20.9455
20.6817
20.4139
20.1405
19.8636
19.5835
19.2988
19.0115
18.7221
18.4287
18.1318
17.8314
17.5301
17.2282
16.9236
16.6166
16.3076
15.9968
15.6843
15.3703
15.1065
-4.79213
-4.3765
-3.95428
-3.52576
-3.09452
-2.66073
-2.22457
-1.7862
-1.34582
-0.903615
-0.459721
-0.0112416
0.441507
0.895257
1.3498
1.80792
2.26929
2.73079
3.1922
3.65617
4.1224
4.59058
5.06046
5.52903
5.99881
6.46945
6.9407
7.41479
7.88885
8.36259
8.83575
9.30808
9.78163
10.2537
10.7242
11.1949
11.6655
12.1356
12.6029
13.0672
13.5301
13.9914
14.4508
14.9078
15.3622
15.8137
16.2619
16.7081
17.1519
17.5913
18.0256
18.4561
18.8824
19.3022
19.7164
20.1245
20.5218
20.9052
21.2749
21.6306
21.9721
22.2992
22.6117
22.9093
23.1916
23.4586
23.7096
23.9445
24.1629
24.3645
24.5489
24.7158
24.8649
24.9958
25.1074
25.199
25.2713
25.325
25.3606
25.3788
25.3802
25.3654
25.3351
25.29
25.2304
25.1571
25.0704
24.971
24.8594
24.7361
24.6018
24.4569
24.3019
24.1375
23.9634
23.7797
23.5879
23.3886
23.1811
22.9658
22.7442
22.5157
22.2805
22.0392
21.7918
21.5389
21.2808
21.0178
20.7503
20.4787
20.2016
19.921
19.6371
19.3487
19.0576
18.7646
18.4675
18.1669
17.8629
17.558
17.2525
16.9444
16.634
16.3214
16.0072
15.6914
15.3741
15.1076
-4.79116
-4.37357
-3.94934
-3.51876
-3.08542
-2.6495
-2.21117
-1.77059
-1.32797
-0.883467
-0.437241
0.0136307
0.468833
0.925083
1.38217
1.84291
2.30696
2.77119
3.23539
3.70222
4.17137
4.64255
5.11549
5.58719
6.06016
6.53407
7.00866
7.48618
7.96372
8.44101
8.91778
9.39378
9.87106
10.3469
10.8212
11.2957
11.7702
12.2443
12.7155
13.1836
13.6505
14.1156
14.5788
15.0395
15.4976
15.9527
16.4043
16.8538
17.3008
17.7432
18.1802
18.6134
19.042
19.4639
19.88
20.2897
20.6882
21.0727
21.443
21.7992
22.1408
22.4678
22.78
23.077
23.3586
23.6245
23.8745
24.1081
24.3252
24.5252
24.708
24.8733
25.0206
25.1496
25.2594
25.3491
25.4195
25.4713
25.5049
25.5211
25.5204
25.5036
25.4713
25.424
25.3623
25.2868
25.1978
25.0961
24.9821
24.8564
24.7196
24.5721
24.4145
24.2474
24.0705
23.8839
23.6892
23.4869
23.2764
23.058
22.8333
22.6016
22.3632
22.1185
21.8678
21.6116
21.3501
21.0837
20.8128
20.5378
20.2573
19.9732
19.6859
19.3941
19.0997
18.8033
18.5028
18.1989
17.8915
17.5834
17.2746
16.9633
16.6497
16.3341
16.0168
15.6979
15.3776
15.1086
-4.79025
-4.37084
-3.94474
-3.51224
-3.07696
-2.63905
-2.1987
-1.75607
-1.31136
-0.86473
-0.41634
0.036752
0.49423
0.952798
1.41225
1.8754
2.34194
2.80869
3.27546
3.74492
4.21677
4.69071
5.16648
5.64105
6.11697
6.59387
7.07152
7.55217
8.03291
8.51345
8.99352
9.47286
9.95355
10.4329
10.9106
11.3886
11.8667
12.3443
12.8191
13.2907
13.7611
14.2297
14.6963
15.1605
15.6219
16.0802
16.535
16.9875
17.4374
17.8825
18.3221
18.7577
19.1885
19.6123
20.0301
20.4412
20.841
21.2264
21.5974
21.954
22.2958
22.6227
22.9347
23.2312
23.5121
23.7773
24.0263
24.2588
24.4746
24.6734
24.8547
25.0185
25.1642
25.2915
25.3995
25.4875
25.5561
25.6061
25.6379
25.6522
25.6497
25.631
25.5967
25.5475
25.4838
25.4061
25.3151
25.2111
25.0949
24.9669
24.8277
24.6778
24.5178
24.3481
24.1686
23.9794
23.782
23.5769
23.3636
23.1423
22.9147
22.6801
22.4387
22.191
21.9373
21.6779
21.4133
21.1439
20.8698
20.5918
20.3081
20.0209
19.7305
19.4355
19.138
18.8385
18.535
18.228
17.9176
17.6065
17.2948
16.9806
16.6641
16.3456
16.0255
15.7038
15.3807
15.1095
-4.78941
-4.36829
-3.94045
-3.50616
-3.06906
-2.6293
-2.18707
-1.74252
-1.29586
-0.847257
-0.39685
0.0583082
0.517904
0.978626
1.44027
1.90567
2.37451
2.8436
3.31276
3.78466
4.25901
4.7355
5.21389
5.69111
6.16973
6.6494
7.12987
7.61341
8.09708
8.58061
9.0637
9.54612
10.0299
10.5124
10.9933
11.4746
11.9558
12.4367
12.9147
13.3896
13.8632
14.3351
14.8048
15.2721
15.7366
16.1978
16.6554
17.1108
17.5633
18.0109
18.4529
18.8906
19.3234
19.749
20.1684
20.5809
20.9818
21.3681
21.7398
22.0968
22.4388
22.7658
23.0775
23.3736
23.654
23.9185
24.1666
24.3981
24.6129
24.8104
24.9905
25.1528
25.297
25.4229
25.5293
25.6157
25.6826
25.7309
25.761
25.7736
25.7693
25.7488
25.7127
25.6616
25.596
25.5163
25.4233
25.3173
25.199
25.0689
24.9275
24.7753
24.6129
24.4409
24.259
24.0673
23.8673
23.6597
23.4438
23.2198
22.9895
22.7521
22.508
22.2575
22.0009
21.7388
21.4713
21.199
20.9221
20.6412
20.3546
20.0645
19.7713
19.4734
19.1731
18.8708
18.5644
18.2547
17.9415
17.6276
17.3132
16.9964
16.6772
16.3561
16.0334
15.7092
15.3836
15.1103
-4.78862
-4.36592
-3.93645
-3.5005
-3.06171
-2.62023
-2.17624
-1.72992
-1.28145
-0.830998
-0.378718
0.0783598
0.539921
1.00264
1.46632
1.93381
2.40478
2.87604
3.3474
3.82156
4.29822
4.77707
5.25786
5.73753
6.21865
6.70087
7.18393
7.67013
8.1565
8.64277
9.12865
9.61388
10.1006
10.5859
11.0697
11.5539
12.0382
12.522
13.003
13.4809
13.9574
14.4321
14.9048
15.3749
15.8422
16.3061
16.7663
17.2242
17.6792
18.129
18.5732
19.0129
19.4476
19.8749
20.2958
20.7095
21.1115
21.4987
21.871
22.2284
22.5706
22.8976
23.2092
23.505
23.7849
24.0488
24.2961
24.5268
24.7405
24.937
25.1159
25.277
25.4199
25.5443
25.6493
25.7341
25.7996
25.8463
25.8748
25.8858
25.8798
25.8576
25.8198
25.7669
25.6995
25.6181
25.5231
25.4152
25.2949
25.1628
25.0193
24.865
24.7005
24.5262
24.342
24.148
23.9457
23.7357
23.5174
23.2909
23.0582
22.8183
22.5715
22.3185
22.0594
21.7945
21.5245
21.2496
20.97
20.6864
20.3972
20.1045
19.8086
19.5082
19.2052
18.9003
18.5914
18.2791
17.9634
17.647
17.3301
17.0108
16.6893
16.3657
16.0407
15.7141
15.3863
15.1111
-4.78789
-4.36372
-3.93275
-3.49525
-3.05488
-2.61181
-2.1662
-1.71822
-1.26807
-0.815916
-0.361899
0.0969567
0.560339
1.02491
1.49047
1.95988
2.43282
2.9061
3.37949
3.85573
4.33452
4.81555
5.29856
5.78048
6.2639
6.74846
7.23391
7.72254
8.21139
8.70017
9.1886
9.67641
10.1657
10.6537
11.1402
11.6271
12.114
12.6006
13.0843
13.5649
14.044
14.5215
14.9968
15.4695
15.9393
16.4057
16.8683
17.3285
17.7857
18.2376
18.6838
19.1254
19.5617
19.9905
20.4128
20.8278
21.2307
21.6187
21.9916
22.3494
22.6919
23.0189
23.3304
23.626
23.9055
24.1688
24.4155
24.6454
24.8582
25.0537
25.2315
25.3915
25.5332
25.6563
25.76
25.8434
25.9074
25.9527
25.9797
25.9892
25.9817
25.9579
25.9185
25.864
25.7949
25.7117
25.615
25.5053
25.3832
25.2491
25.1037
24.9475
24.7809
24.6046
24.4183
24.2222
24.0177
23.8055
23.5849
23.3562
23.1211
22.8789
22.6298
22.3744
22.1128
21.8456
21.5732
21.2958
21.0138
20.7278
20.4362
20.141
19.8427
19.5399
19.2345
18.9273
18.616
18.3014
17.9833
17.6647
17.3455
17.024
16.7002
16.3745
16.0473
15.7186
15.3887
15.1118
-4.78722
-4.36169
-3.92931
-3.49039
-3.04857
-2.60401
-2.1569
-1.7074
-1.2557
-0.801961
-0.346339
0.11416
0.579224
1.04551
1.51281
1.98399
2.45875
2.93387
3.40915
3.8873
4.36805
4.85108
5.33613
5.82013
6.30565
6.79236
7.28
7.77086
8.26199
8.75307
9.24383
9.734
10.2257
10.7161
11.205
11.6944
12.1838
12.6729
13.159
13.642
14.1237
14.6035
15.0812
15.5563
16.0284
16.4971
16.9619
17.4242
17.8834
18.3373
18.7852
19.2285
19.6664
20.0967
20.5202
20.9362
21.3402
21.7288
22.1023
22.4606
22.8033
23.1304
23.4418
23.7371
24.0163
24.2791
24.5252
24.7544
24.9665
25.1611
25.338
25.4969
25.6375
25.7594
25.8618
25.944
26.0067
26.0507
26.0763
26.0844
26.0755
26.0502
26.0093
25.9533
25.8826
25.7978
25.6995
25.5881
25.4642
25.3284
25.1812
25.0231
24.8547
24.6765
24.4883
24.2901
24.0836
23.8694
23.6467
23.4159
23.1787
22.9343
22.6831
22.4255
22.1618
21.8923
21.6177
21.3381
21.0539
20.7657
20.4718
20.1744
19.8739
19.5689
19.2613
18.9519
18.6385
18.3217
18.0016
17.6808
17.3596
17.036
16.7103
16.3826
16.0534
15.7227
15.3909
15.1124
-4.7866
-4.35981
-3.92614
-3.4859
-3.04273
-2.59682
-2.14832
-1.6974
-1.24427
-0.789077
-0.331975
0.130039
0.596653
1.06451
1.53341
2.00624
2.48267
2.95949
3.43649
3.91641
4.39896
4.88382
5.37075
5.85664
6.34411
6.83278
7.32242
7.81534
8.30854
8.80173
9.29462
9.78695
10.2808
10.7734
11.2646
11.7562
12.2478
12.7392
13.2276
13.7129
14.1967
14.6788
15.1587
15.6359
16.1101
16.5808
17.0477
17.5119
17.973
18.4286
18.8782
19.323
19.7623
20.1939
20.6186
21.0357
21.4404
21.8298
22.2038
22.5625
22.9054
23.2326
23.544
23.8392
24.118
24.3804
24.626
24.8546
25.066
25.2598
25.4358
25.5938
25.7333
25.8542
25.9555
26.0365
26.098
26.1407
26.1651
26.1718
26.1616
26.135
26.0927
26.0352
25.9631
25.8768
25.777
25.664
25.5386
25.4011
25.2522
25.0925
24.9223
24.7424
24.5523
24.3523
24.144
23.9279
23.7033
23.4705
23.2314
22.985
22.7318
22.4722
22.2064
21.935
21.6583
21.3767
21.0904
20.8002
20.5043
20.2049
19.9024
19.5954
19.2858
18.9744
18.6591
18.3403
18.0182
17.6955
17.3725
17.047
16.7194
16.3899
16.0589
15.7265
15.3929
15.113
-4.78602
-4.35806
-3.92321
-3.48174
-3.03733
-2.59014
-2.14036
-1.68814
-1.23368
-0.777137
-0.318663
0.144753
0.612803
1.08212
1.5525
2.02684
2.50482
2.98321
3.4618
3.94336
4.42756
4.91412
5.40278
5.89042
6.37967
6.87016
7.36165
7.85644
8.35156
8.84668
9.34154
9.83585
10.3317
10.8264
11.3195
11.8132
12.3069
12.8003
13.2908
13.7781
14.2641
14.7482
15.2301
15.7093
16.1854
16.658
17.1266
17.5927
18.0554
18.5127
18.9638
19.41
19.8507
20.2835
20.7092
21.1272
21.5328
21.9228
22.2974
22.6564
22.9995
23.3268
23.6382
23.9332
24.2118
24.4739
24.719
24.947
25.1578
25.3509
25.5261
25.6832
25.8218
25.9417
26.0419
26.1219
26.1823
26.2238
26.247
26.2526
26.2411
26.2132
26.1696
26.1108
26.0373
25.9497
25.8484
25.734
25.6071
25.4681
25.3177
25.1563
24.9845
24.803
24.6112
24.4096
24.1995
23.9816
23.7553
23.5207
23.2798
23.0316
22.7765
22.5151
22.2475
21.9742
21.6956
21.4121
21.124
20.8319
20.5342
20.2329
19.9285
19.6196
19.3083
18.9951
18.6779
18.3573
18.0335
17.709
17.3843
17.0571
16.7278
16.3966
16.064
15.7299
15.3948
15.1135
-4.78548
-4.35645
-3.92049
-3.47789
-3.03233
-2.58398
-2.13301
-1.67958
-1.2239
-0.76611
-0.306372
0.158339
0.627713
1.09837
1.57012
2.04585
2.52526
3.0051
3.48516
3.96821
4.45395
4.94207
5.43231
5.92157
6.41245
6.90461
7.39778
7.89431
8.39117
8.88808
9.38473
9.88086
10.3786
10.8751
11.3701
11.8656
12.3613
12.8566
13.349
13.8382
14.3259
14.8119
15.2956
15.7766
16.2545
16.7289
17.1992
17.6668
18.1311
18.5899
19.0424
19.4899
19.9318
20.3656
20.7924
21.2113
21.6176
22.0083
22.3832
22.7426
23.086
23.4134
23.7247
24.0197
24.298
24.5598
24.8045
25.032
25.2422
25.4346
25.6091
25.7654
25.9032
26.0222
26.1215
26.2004
26.2598
26.3003
26.3224
26.3268
26.3142
26.2851
26.2404
26.1803
26.1056
26.0166
25.914
25.7983
25.67
25.5296
25.3777
25.2149
25.0416
24.8586
24.6653
24.4621
24.2504
24.0309
23.8029
23.5667
23.3241
23.0743
22.8175
22.5544
22.2851
22.01
21.7298
21.4445
21.1547
20.8609
20.5615
20.2585
19.9524
19.6418
19.3288
19.0139
18.6951
18.3729
18.0474
17.7214
17.395
17.0663
16.7355
16.4027
16.0686
15.7331
15.3965
15.114
-4.78499
-4.35498
-3.91801
-3.47437
-3.02776
-2.57834
-2.12628
-1.67175
-1.21494
-0.75602
-0.295125
0.17077
0.641353
1.11324
1.58624
2.06325
2.54395
3.02511
3.50651
3.99093
4.47806
4.9676
5.4593
5.95002
6.44239
6.93607
7.43078
7.92888
8.42734
8.92586
9.42414
9.92192
10.4213
10.9195
11.4162
11.9135
12.4108
12.9078
13.4019
13.8928
14.3823
14.87
15.3553
15.838
16.3175
16.7934
17.2652
17.7343
18.2
18.6601
19.1139
19.5626
20.0056
20.4405
20.8681
21.2878
21.6948
22.086
22.4615
22.8212
23.1648
23.4923
23.8036
24.0984
24.3766
24.6381
24.8824
25.1095
25.3192
25.511
25.6849
25.8405
25.9775
26.0957
26.1941
26.2721
26.3305
26.3701
26.3912
26.3946
26.3809
26.3507
26.3049
26.2437
26.1678
26.0777
25.9738
25.8569
25.7273
25.5856
25.4324
25.2683
25.0936
24.9092
24.7145
24.5098
24.2967
24.0757
23.8463
23.6086
23.3645
23.1131
22.8548
22.5901
22.3192
22.0426
21.7608
21.474
21.1826
20.8872
20.5862
20.2817
19.9741
19.662
19.3474
19.0311
18.7107
18.3871
18.0601
17.7326
17.4048
17.0747
16.7424
16.4083
16.0728
15.736
15.398
15.1144
-4.78455
-4.35363
-3.91574
-3.47116
-3.02359
-2.57319
-2.12015
-1.66461
-1.20678
-0.746815
-0.284865
0.182109
0.653795
1.12681
1.60093
2.0791
2.561
3.04336
3.52598
4.01164
4.50004
4.99088
5.48389
5.97594
6.46967
6.96472
7.46084
7.96036
8.46027
8.96025
9.46002
9.95929
10.4602
10.9599
11.4582
11.9569
12.4558
12.9544
13.4501
13.9425
14.4335
14.9227
15.4096
15.8937
16.3747
16.852
17.3252
17.7956
18.2626
18.7239
19.1788
19.6287
20.0726
20.5084
20.9369
21.3573
21.7649
22.1567
22.5325
22.8925
23.2363
23.5639
23.8753
24.17
24.448
24.7093
24.9533
25.18
25.3892
25.5805
25.7538
25.9087
26.045
26.1625
26.2601
26.3373
26.3949
26.4335
26.4537
26.4562
26.4415
26.4104
26.3635
26.3013
26.2243
26.1331
26.0282
25.9101
25.7793
25.6365
25.4821
25.3167
25.1408
24.9551
24.7591
24.5531
24.3387
24.1164
23.8856
23.6465
23.401
23.1482
22.8885
22.6224
22.3501
22.0721
21.7889
21.5007
21.2079
20.9111
20.6087
20.3027
19.9938
19.6802
19.3643
19.0466
18.7249
18.3999
18.0715
17.7427
17.4136
17.0822
16.7487
16.4133
16.0766
15.7385
15.3994
15.1148
-4.78414
-4.3524
-3.91366
-3.46822
-3.01977
-2.56848
-2.11453
-1.65807
-1.1993
-0.738386
-0.27547
0.19249
0.665185
1.13922
1.61439
2.09362
2.5766
3.06006
3.54379
4.03059
4.52015
5.01216
5.50638
5.99964
6.49461
6.99092
7.48831
7.98914
8.49036
8.99168
9.49279
9.99342
10.4957
10.9968
11.4965
11.9966
12.497
12.997
13.494
13.9879
14.4803
14.9708
15.4591
15.9445
16.4268
16.9054
17.3799
17.8515
18.3197
18.7821
19.2381
19.6889
20.1337
20.5704
20.9996
21.4207
21.8289
22.2211
22.5973
22.9576
23.3016
23.6293
23.9407
24.2354
24.5132
24.7742
25.018
25.2443
25.4531
25.644
25.8167
25.9711
26.1067
26.2235
26.3204
26.3969
26.4536
26.4915
26.5108
26.5124
26.4969
26.4649
26.4171
26.3539
26.276
26.1838
26.0778
25.9586
25.8268
25.6829
25.5274
25.3609
25.1838
24.9969
24.7998
24.5926
24.377
24.1534
23.9214
23.681
23.4343
23.1803
22.9193
22.6519
22.3783
22.099
21.8145
21.525
21.2309
20.9328
20.6291
20.3219
20.0116
19.6968
19.3796
19.0607
18.7377
18.4115
18.082
17.7519
17.4217
17.0891
16.7544
16.4179
16.0801
15.7409
15.4006
15.1152
-4.78377
-4.35128
-3.91177
-3.46553
-3.01628
-2.56418
-2.1094
-1.6521
-1.19248
-0.730696
-0.266899
0.201961
0.675576
1.15054
1.62666
2.10686
2.59082
3.07528
3.56003
4.04787
4.53848
5.03157
5.52687
6.02125
6.51734
7.01479
7.51334
8.01535
8.51777
9.0203
9.52263
10.0245
10.5281
11.0304
11.5313
12.0328
12.5344
13.0357
13.534
14.0291
14.5228
15.0146
15.5041
15.9908
16.4742
16.954
17.4296
17.9023
18.3715
18.835
19.2919
19.7436
20.1893
20.6267
21.0566
21.4783
21.887
22.2797
22.6562
23.0168
23.361
23.6888
24.0002
24.2948
24.5726
24.8334
25.0769
25.3029
25.5113
25.7017
25.8739
26.0278
26.1629
26.2791
26.3753
26.4511
26.5071
26.5442
26.5628
26.5637
26.5473
26.5144
26.4658
26.4018
26.3229
26.2298
26.1229
26.0028
25.87
25.7251
25.5686
25.401
25.2229
25.035
24.8368
24.6285
24.4117
24.1871
23.9539
23.7124
23.4645
23.2093
22.9472
22.6786
22.4039
22.1234
21.8377
21.547
21.2517
20.9525
20.6476
20.3392
20.0278
19.7119
19.3935
19.0734
18.7494
18.422
18.0914
17.7603
17.429
17.0953
16.7596
16.4221
16.0832
15.743
15.4018
15.1155
-4.78343
-4.35025
-3.91004
-3.46309
-3.01311
-2.56026
-2.10473
-1.64667
-1.18627
-0.723699
-0.259102
0.210577
0.685028
1.16084
1.63782
2.1189
2.60376
3.08913
3.5748
4.06357
4.55514
5.04921
5.54551
6.04088
6.53799
7.03648
7.53608
8.03916
8.54267
9.04629
9.54974
10.0527
10.5574
11.0609
11.5629
12.0656
12.5683
13.0708
13.5703
14.0665
14.5614
15.0543
15.5449
16.0327
16.5172
16.998
17.4746
17.9484
18.4186
18.8829
19.3407
19.7932
20.2396
20.6777
21.1083
21.5306
21.9398
22.3328
22.7097
23.0705
23.4148
23.7427
24.0542
24.3487
24.6264
24.887
25.1303
25.356
25.5641
25.7541
25.9259
26.0793
26.2139
26.3295
26.4251
26.5003
26.5557
26.5921
26.61
26.6101
26.5931
26.5594
26.51
26.4452
26.3655
26.2716
26.1639
26.0428
25.9092
25.7633
25.6059
25.4374
25.2584
25.0695
24.8703
24.661
24.4432
24.2176
23.9833
23.7408
23.4919
23.2356
22.9724
22.7028
22.427
22.1455
21.8587
21.5669
21.2706
20.9703
20.6644
20.3549
20.0425
19.7255
19.4061
19.085
18.76
18.4316
18.1
17.7679
17.4356
17.101
16.7643
16.4258
16.0861
15.745
15.4028
15.1158
-4.78312
-4.34933
-3.90848
-3.46088
-3.01024
-2.55672
-2.10051
-1.64175
-1.18065
-0.717369
-0.252049
0.218369
0.693576
1.17016
1.64791
2.12978
2.61545
3.10165
3.58815
4.07777
4.57021
5.06515
5.56234
6.05862
6.55665
7.05607
7.55662
8.06067
8.56515
9.06977
9.57421
10.0782
10.5839
11.0884
11.5915
12.0952
12.599
13.1025
13.603
14.1003
14.5961
15.0901
15.5817
16.0705
16.556
17.0378
17.5153
17.9899
18.461
18.9261
19.3847
19.8379
20.2851
20.7238
21.1549
21.5777
21.9873
22.3807
22.7579
23.1189
23.4634
23.7914
24.1029
24.3974
24.675
24.9354
25.1785
25.404
25.6118
25.8015
25.9729
26.1258
26.26
26.375
26.4701
26.5447
26.5996
26.6354
26.6527
26.6521
26.6344
26.6001
26.5499
26.4844
26.404
26.3093
26.2008
26.079
25.9445
25.7978
25.6396
25.4703
25.2904
25.1006
24.9005
24.6903
24.4716
24.245
24.0099
23.7664
23.5165
23.2594
22.9952
22.7246
22.4478
22.1653
21.8776
21.5849
21.2876
20.9864
20.6795
20.3691
20.0557
19.7378
19.4175
19.0954
18.7695
18.4402
18.1077
17.7747
17.4415
17.106
16.7685
16.4292
16.0886
15.7467
15.4037
15.1161
-4.78284
-4.34849
-3.90708
-3.45889
-3.00765
-2.55353
-2.0967
-1.63732
-1.17559
-0.711664
-0.245692
0.225392
0.701279
1.17855
1.65701
2.13959
2.62599
3.11292
3.60018
4.09056
4.58377
5.0795
5.5775
6.0746
6.57346
7.07372
7.57512
8.08003
8.5854
9.0909
9.59624
10.1011
10.6078
11.1132
11.6172
12.1218
12.6265
13.131
13.6324
14.1307
14.6274
15.1223
15.6148
16.1045
16.5909
17.0735
17.5519
18.0273
18.4991
18.965
19.4243
19.8782
20.3259
20.7652
21.1968
21.62
22.0301
22.4238
22.8012
23.1625
23.5071
23.8352
24.1467
24.4412
24.7187
24.979
25.2219
25.4472
25.6547
25.8441
26.0151
26.1677
26.3014
26.416
26.5106
26.5847
26.639
26.6743
26.691
26.6899
26.6715
26.6366
26.5858
26.5197
26.4386
26.3432
26.234
26.1115
25.9763
25.8289
25.6699
25.4998
25.3191
25.1285
24.9276
24.7166
24.4971
24.2697
24.0337
23.7894
23.5387
23.2807
23.0156
22.7442
22.4666
22.1832
21.8946
21.601
21.3029
21.0008
20.693
20.3818
20.0675
19.7488
19.4276
19.1048
18.778
18.4479
18.1146
17.7808
17.4468
17.1106
16.7723
16.4323
16.0909
15.7482
15.4046
15.1163
-4.7826
-4.34774
-3.90581
-3.4571
-3.00533
-2.55066
-2.09328
-1.63335
-1.17105
-0.706548
-0.239992
0.231689
0.708185
1.18608
1.66516
2.14838
2.63544
3.12303
3.61095
4.10202
4.59593
5.09237
5.59109
6.08891
6.58851
7.08952
7.59168
8.09737
8.60352
9.10982
9.61596
10.1217
10.6291
11.1354
11.6402
12.1456
12.6512
13.1565
13.6588
14.1578
14.6554
15.1511
15.6444
16.1349
16.6221
17.1055
17.5845
18.0607
18.5332
18.9998
19.4596
19.9141
20.3624
20.8022
21.2343
21.6579
22.0683
22.4623
22.84
23.2014
23.5462
23.8744
24.1858
24.4803
24.7578
25.018
25.2607
25.4858
25.6931
25.8822
26.0529
26.2052
26.3385
26.4527
26.5469
26.6206
26.6744
26.7092
26.7253
26.7237
26.7048
26.6693
26.618
26.5512
26.4696
26.3736
26.2637
26.1406
26.0047
25.8566
25.697
25.5262
25.3448
25.1535
24.9519
24.7402
24.5199
24.2918
24.055
23.81
23.5585
23.2997
23.0339
22.7617
22.4833
22.1991
21.9097
21.6154
21.3165
21.0136
20.7051
20.3931
20.0781
19.7586
19.4367
19.1131
18.7856
18.4548
18.1207
17.7862
17.4516
17.1147
16.7757
16.435
16.0929
15.7496
15.4053
15.1165
-4.78237
-4.34707
-3.90469
-3.4555
-3.00325
-2.54811
-2.09024
-1.6298
-1.167
-0.701988
-0.234913
0.237299
0.714338
1.19278
1.67242
2.15621
2.64385
3.13203
3.62055
4.11222
4.60675
5.10382
5.60318
6.10165
6.60191
7.10359
7.60643
8.11281
8.61965
9.12666
9.63352
10.1399
10.6481
11.1551
11.6607
12.1668
12.6731
13.1792
13.6822
14.182
14.6803
15.1767
15.6708
16.162
16.6498
17.1339
17.6136
18.0904
18.5635
19.0307
19.4911
19.9461
20.3949
20.8351
21.2676
21.6916
22.1023
22.4966
22.8745
23.2361
23.581
23.9092
24.2207
24.5152
24.7925
25.0527
25.2953
25.5202
25.7272
25.9161
26.0866
26.2385
26.3715
26.4854
26.5792
26.6524
26.7058
26.7402
26.7559
26.7538
26.7344
26.6984
26.6466
26.5793
26.4971
26.4006
26.2902
26.1664
26.03
25.8813
25.721
25.5496
25.3676
25.1757
24.9735
24.7611
24.5402
24.3114
24.074
23.8282
23.5761
23.3166
23.0501
22.7772
22.4981
22.2133
21.9232
21.6282
21.3286
21.025
20.7159
20.4032
20.0875
19.7673
19.4448
19.1205
18.7924
18.4609
18.1262
17.7911
17.4558
17.1183
16.7787
16.4374
16.0948
15.7509
15.406
15.1167
-4.78218
-4.34648
-3.90369
-3.45409
-3.00142
-2.54585
-2.08754
-1.62667
-1.16342
-0.697951
-0.230416
0.242265
0.719783
1.19871
1.67884
2.16314
2.65129
3.13999
3.62904
4.12125
4.61632
5.11395
5.61388
6.11292
6.61375
7.11602
7.61946
8.12645
8.63392
9.14154
9.64903
10.1561
10.6649
11.1725
11.6788
12.1856
12.6925
13.1992
13.7029
14.2034
14.7023
15.1994
15.694
16.1858
16.6743
17.159
17.6393
18.1166
18.5903
19.058
19.5189
19.9744
20.4236
20.8642
21.297
21.7214
22.1324
22.5269
22.905
23.2667
23.6117
23.94
24.2515
24.546
24.8233
25.0833
25.3258
25.5505
25.7574
25.9461
26.1163
26.268
26.4007
26.5142
26.6077
26.6806
26.7336
26.7676
26.7829
26.7804
26.7606
26.7241
26.6719
26.6041
26.5214
26.4244
26.3135
26.1893
26.0523
25.9031
25.7423
25.5704
25.3878
25.1953
24.9925
24.7796
24.5581
24.3287
24.0907
23.8444
23.5916
23.3315
23.0644
22.7909
22.5112
22.2258
21.9351
21.6395
21.3393
21.0351
20.7253
20.4121
20.0958
19.775
19.4519
19.1271
18.7983
18.4663
18.131
17.7954
17.4595
17.1215
16.7814
16.4395
16.0964
15.752
15.4066
15.1169
-4.782
-4.34596
-3.9028
-3.45284
-2.9998
-2.54385
-2.08516
-1.6239
-1.16026
-0.694398
-0.22646
0.246634
0.724572
1.20393
1.68449
2.16923
2.65783
3.14699
3.6365
4.12918
4.62474
5.12285
5.62328
6.12282
6.62417
7.12695
7.63092
8.13845
8.64645
9.15462
9.66266
10.1703
10.6797
11.1879
11.6946
12.202
12.7096
13.2168
13.7211
14.2221
14.7217
15.2193
15.7145
16.2068
16.6958
17.181
17.6618
18.1397
18.6138
19.0819
19.5433
19.9992
20.4488
20.8897
21.3229
21.7475
22.1587
22.5535
22.9317
23.2936
23.6387
23.967
24.2786
24.573
24.8503
25.1103
25.3526
25.5772
25.784
25.9724
26.1425
26.2939
26.4264
26.5396
26.6328
26.7053
26.758
26.7917
26.8066
26.8037
26.7836
26.7467
26.6941
26.6259
26.5428
26.4454
26.334
26.2094
26.0719
25.9223
25.761
25.5886
25.4055
25.2126
25.0093
24.7958
24.5738
24.3439
24.1054
23.8585
23.6052
23.3446
23.077
22.803
22.5227
22.2368
21.9455
21.6494
21.3487
21.044
20.7336
20.4199
20.1031
19.7818
19.4581
19.1328
18.8036
18.471
18.1353
17.7991
17.4628
17.1243
16.7837
16.4414
16.0978
15.7529
15.4071
15.117
-4.78185
-4.34549
-3.90202
-3.45174
-2.99837
-2.54209
-2.08307
-1.62147
-1.15748
-0.691274
-0.222982
0.250472
0.72878
1.20851
1.68945
2.17458
2.66358
3.15313
3.64305
4.13615
4.63212
5.13067
5.63153
6.13151
6.63331
7.13655
7.64098
8.14897
8.65745
9.1661
9.67463
10.1827
10.6926
11.2013
11.7086
12.2165
12.7245
13.2323
13.7371
14.2386
14.7386
15.2367
15.7324
16.2252
16.7147
17.2003
17.6816
18.1599
18.6345
19.103
19.5647
20.0209
20.4709
20.9121
21.3456
21.7704
22.1819
22.5768
22.9552
23.3171
23.6623
23.9907
24.3023
24.5967
24.874
25.1339
25.3762
25.6007
25.8072
25.9955
26.1654
26.3166
26.4489
26.5619
26.6548
26.7271
26.7795
26.8128
26.8275
26.8243
26.8037
26.7666
26.7135
26.645
26.5616
26.4637
26.352
26.227
26.0891
25.9391
25.7774
25.6045
25.4211
25.2277
25.0239
24.81
24.5876
24.3572
24.1182
23.8709
23.6172
23.3561
23.088
22.8135
22.5328
22.2464
21.9547
21.6581
21.3569
21.0517
20.7409
20.4267
20.1094
19.7877
19.4636
19.1378
18.8081
18.4752
18.139
17.8024
17.4657
17.1267
16.7857
16.443
16.099
15.7538
15.4075
15.1171
-4.78172
-4.34509
-3.90135
-3.45078
-2.99713
-2.54057
-2.08126
-1.61937
-1.15509
-0.688583
-0.219988
0.253776
0.732401
1.21245
1.69372
2.17918
2.66852
3.15842
3.64869
4.14214
4.63848
5.13739
5.63863
6.13899
6.64117
7.1448
7.64962
8.15802
8.66691
9.17597
9.68491
10.1934
10.7037
11.2129
11.7206
12.2289
12.7374
13.2456
13.7508
14.2527
14.7532
15.2517
15.7478
16.2411
16.7309
17.217
17.6986
18.1773
18.6522
19.121
19.5831
20.0396
20.4898
20.9314
21.365
21.7901
22.2018
22.5968
22.9754
23.3374
23.6827
24.0111
24.3227
24.6171
24.8943
25.1542
25.3964
25.6208
25.8272
26.0154
26.1851
26.3362
26.4682
26.581
26.6737
26.7457
26.7979
26.831
26.8454
26.8419
26.8211
26.7836
26.7303
26.6615
26.5777
26.4795
26.3675
26.2421
26.1039
25.9535
25.7915
25.6182
25.4344
25.2407
25.0365
24.8222
24.5994
24.3687
24.1293
23.8816
23.6274
23.366
23.0975
22.8226
22.5415
22.2546
21.9625
21.6655
21.3639
21.0584
20.7472
20.4326
20.1149
19.7928
19.4683
19.1421
18.8121
18.4787
18.1422
17.8052
17.4681
17.1288
16.7875
16.4444
16.1001
15.7545
15.4079
15.1172
-4.7816
-4.34474
-3.90076
-3.44995
-2.99607
-2.53927
-2.07972
-1.61758
-1.15305
-0.68629
-0.217439
0.256588
0.735481
1.2158
1.69735
2.1831
2.67272
3.16291
3.65348
4.14723
4.64388
5.1431
5.64466
6.14534
6.64785
7.15181
7.65697
8.16571
8.67494
9.18436
9.69365
10.2025
10.7132
11.2227
11.7308
12.2394
12.7483
13.2568
13.7624
14.2647
14.7655
15.2644
15.7609
16.2545
16.7447
17.2311
17.7131
18.192
18.6672
19.1364
19.5987
20.0555
20.506
20.9477
21.3816
21.8069
22.2187
22.6139
22.9925
23.3546
23.7
24.0284
24.34
24.6345
24.9116
25.1715
25.4136
25.6379
25.8443
26.0323
26.2019
26.3528
26.4847
26.5973
26.6898
26.7616
26.8136
26.8464
26.8606
26.8569
26.8358
26.7981
26.7445
26.6754
26.5914
26.493
26.3806
26.255
26.1165
25.9658
25.8034
25.6299
25.4458
25.2517
25.0472
24.8326
24.6095
24.3784
24.1387
23.8906
23.6362
23.3743
23.1055
22.8303
22.5488
22.2616
21.9692
21.6719
21.3699
21.064
20.7525
20.4375
20.1196
19.7971
19.4723
19.1458
18.8154
18.4818
18.1449
17.8076
17.4702
17.1306
16.789
16.4456
16.101
15.7551
15.4082
15.1173
-4.7815
-4.34443
-3.90025
-3.44924
-2.99515
-2.53815
-2.0784
-1.61606
-1.15132
-0.684351
-0.215285
0.258962
0.738081
1.21863
1.70041
2.1864
2.67626
3.1667
3.65752
4.15153
4.64843
5.14792
5.64974
6.1507
6.65348
7.15773
7.66317
8.1722
8.68172
9.19143
9.70102
10.2102
10.7212
11.231
11.7393
12.2483
12.7575
13.2664
13.7722
14.2748
14.776
15.2752
15.772
16.2658
16.7563
17.243
17.7252
18.2045
18.6799
19.1493
19.6119
20.0689
20.5196
20.9615
21.3956
21.821
22.2329
22.6282
23.007
23.3692
23.7145
24.043
24.3547
24.6491
24.9262
25.186
25.4281
25.6523
25.8586
26.0466
26.216
26.3668
26.4985
26.611
26.7033
26.775
26.8268
26.8594
26.8734
26.8695
26.8482
26.8103
26.7565
26.6872
26.603
26.5043
26.3917
26.2658
26.1271
25.9761
25.8135
25.6397
25.4553
25.261
25.0563
24.8414
24.6179
24.3866
24.1466
23.8983
23.6435
23.3814
23.1123
22.8368
22.555
22.2676
21.9748
21.6772
21.375
21.0688
20.757
20.4417
20.1235
19.8007
19.4756
19.1489
18.8182
18.4843
18.1471
17.8096
17.472
17.1321
16.7902
16.4466
16.1017
15.7556
15.4085
15.1174
-4.78141
-4.34416
-3.8998
-3.44863
-2.99438
-2.53721
-2.0773
-1.6148
-1.14989
-0.682745
-0.213502
0.260926
0.740231
1.22097
1.70294
2.18912
2.67919
3.16984
3.66085
4.15507
4.65219
5.1519
5.65395
6.15513
6.65814
7.16261
7.66829
8.17755
8.68732
9.19727
9.70711
10.2165
10.7278
11.2378
11.7464
12.2557
12.7651
13.2742
13.7804
14.2832
14.7846
15.284
15.7811
16.2752
16.7659
17.2528
17.7353
18.2148
18.6904
19.16
19.6228
20.08
20.5308
20.9729
21.4071
21.8326
22.2447
22.6401
23.0189
23.3812
23.7266
24.0551
24.3668
24.6612
24.9383
25.198
25.4401
25.6643
25.8705
26.0583
26.2277
26.3784
26.51
26.6223
26.7145
26.7861
26.8377
26.8702
26.884
26.8799
26.8585
26.8204
26.7665
26.697
26.6125
26.5136
26.4009
26.2748
26.1359
25.9847
25.8218
25.6479
25.4632
25.2687
25.0637
24.8486
24.6249
24.3934
24.1531
23.9046
23.6496
23.3872
23.1179
22.8421
22.5602
22.2724
21.9795
21.6816
21.3791
21.0727
20.7607
20.4452
20.1267
19.8037
19.4784
19.1514
18.8206
18.4864
18.149
17.8113
17.4734
17.1333
16.7913
16.4474
16.1023
15.756
15.4087
15.1175
-4.78131
-4.3439
-3.89941
-3.4481
-2.99374
-2.53645
-2.07642
-1.61378
-1.14875
-0.681469
-0.212088
0.262482
0.741933
1.22282
1.70495
2.19128
2.68151
3.17232
3.6635
4.15788
4.65517
5.15505
5.65727
6.15863
6.66182
7.16648
7.67234
8.18179
8.69175
9.2019
9.71193
10.2216
10.733
11.2432
11.7521
12.2615
12.7711
13.2804
13.7868
14.2898
14.7914
15.2911
15.7883
16.2826
16.7735
17.2606
17.7433
18.2229
18.6987
19.1685
19.6314
20.0887
20.5397
20.9819
21.4162
21.8419
22.254
22.6495
23.0284
23.3907
23.7361
24.0647
24.3763
24.6707
24.9478
25.2076
25.4496
25.6737
25.8798
26.0677
26.237
26.3875
26.5191
26.6313
26.7234
26.7948
26.8464
26.8787
26.8924
26.8882
26.8667
26.8284
26.7743
26.7047
26.6201
26.5211
26.4081
26.2818
26.1428
25.9914
25.8284
25.6543
25.4695
25.2747
25.0696
24.8543
24.6305
24.3987
24.1583
23.9096
23.6544
23.3919
23.1223
22.8464
22.5642
22.2763
21.9832
21.6851
21.3824
21.0758
20.7636
20.4479
20.1293
19.8061
19.4806
19.1535
18.8224
18.4881
18.1505
17.8126
17.4746
17.1343
16.7921
16.4481
16.1028
15.7564
15.4089
15.1175
-4.7812
-4.34364
-3.89903
-3.44765
-2.99321
-2.53585
-2.07573
-1.61301
-1.14787
-0.680493
-0.211009
0.26367
0.743231
1.22424
1.70648
2.19293
2.68327
3.1742
3.66551
4.16002
4.65744
5.15745
5.65981
6.1613
6.66463
7.16942
7.67543
8.18503
8.69513
9.20542
9.7156
10.2254
10.7369
11.2473
11.7563
12.2659
12.7757
13.2852
13.7917
14.2949
14.7966
15.2964
15.7938
16.2882
16.7793
17.2665
17.7493
18.2291
18.7051
19.1749
19.638
20.0954
20.5465
20.9888
21.4232
21.8489
22.2611
22.6566
23.0356
23.3979
23.7434
24.072
24.3836
24.678
24.9551
25.2148
25.4568
25.6809
25.887
26.0748
26.244
26.3945
26.526
26.6382
26.7302
26.8015
26.8529
26.8852
26.8988
26.8945
26.8728
26.8345
26.7803
26.7105
26.6258
26.5267
26.4137
26.2872
26.1481
25.9966
25.8335
25.6592
25.4743
25.2794
25.0741
24.8587
24.6347
24.4028
24.1622
23.9134
23.658
23.3954
23.1257
22.8496
22.5673
22.2792
21.986
21.6877
21.3849
21.0782
20.7658
20.45
20.1312
19.8079
19.4823
19.155
18.8238
18.4893
18.1517
17.8136
17.4755
17.1351
16.7927
16.4486
16.1032
15.7566
15.409
15.1176
-4.781
-4.34328
-3.89865
-3.44726
-2.99279
-2.53539
-2.07522
-1.61244
-1.14724
-0.679788
-0.210229
0.264526
0.744168
1.22525
1.70758
2.19411
2.68455
3.17557
3.66696
4.16156
4.65908
5.15918
5.66163
6.16323
6.66665
7.17155
7.67765
8.18736
8.69756
9.20796
9.71825
10.2281
10.7398
11.2503
11.7594
12.2691
12.779
13.2886
13.7952
14.2985
14.8004
15.3003
15.7978
16.2923
16.7835
17.2708
17.7537
18.2336
18.7096
19.1796
19.6427
20.1002
20.5514
20.9938
21.4282
21.854
22.2662
22.6618
23.0408
23.4031
23.7486
24.0772
24.3889
24.6833
24.9604
25.2201
25.462
25.6861
25.8922
26.0799
26.2491
26.3996
26.531
26.6431
26.735
26.8063
26.8577
26.8899
26.9034
26.8991
26.8773
26.8389
26.7846
26.7148
26.63
26.5308
26.4176
26.2911
26.1519
26.0003
25.8371
25.6627
25.4777
25.2827
25.0774
24.8618
24.6377
24.4057
24.1651
23.9161
23.6607
23.3979
23.1281
22.8519
22.5695
22.2814
21.988
21.6897
21.3868
21.0799
20.7675
20.4515
20.1326
19.8092
19.4835
19.1561
18.8248
18.4903
18.1525
17.8143
17.4761
17.1356
16.7931
16.4489
16.1035
15.7568
15.4091
15.1176
-4.78039
-4.34272
-3.89824
-3.44693
-2.99249
-2.53509
-2.07489
-1.61207
-1.14683
-0.679337
-0.209732
0.265073
0.744765
1.2259
1.70828
2.19487
2.68536
3.17643
3.66789
4.16255
4.66012
5.16029
5.6628
6.16445
6.66794
7.1729
7.67907
8.18884
8.69912
9.20958
9.71994
10.2299
10.7416
11.2522
11.7614
12.2712
12.7811
13.2908
13.7975
14.3009
14.8028
15.3027
15.8003
16.2949
16.7862
17.2735
17.7565
18.2364
18.7125
19.1826
19.6457
20.1033
20.5545
20.9969
21.4314
21.8572
22.2695
22.6651
23.0441
23.4065
23.752
24.0806
24.3922
24.6866
24.9637
25.2234
25.4653
25.6894
25.8955
26.0832
26.2523
26.4028
26.5342
26.6462
26.7382
26.8094
26.8607
26.8929
26.9064
26.902
26.8802
26.8417
26.7874
26.7175
26.6326
26.5334
26.4202
26.2936
26.1543
26.0027
25.8394
25.665
25.4799
25.2849
25.0794
24.8638
24.6397
24.4076
24.1669
23.9179
23.6624
23.3995
23.1297
22.8534
22.5709
22.2827
21.9893
21.6909
21.3879
21.081
20.7685
20.4525
20.1335
19.81
19.4843
19.1568
18.8255
18.4908
18.153
17.8148
17.4765
17.136
16.7934
16.4492
16.1037
15.7569
15.4092
15.1176
-4.77806
-4.34186
-3.89787
-3.44672
-2.99233
-2.53493
-2.07473
-1.6119
-1.14664
-0.679124
-0.209497
0.26533
0.745046
1.22621
1.70861
2.19523
2.68574
3.17684
3.66832
4.16301
4.66061
5.16081
5.66335
6.16503
6.66855
7.17354
7.67974
8.18954
8.69985
9.21035
9.72074
10.2307
10.7425
11.2531
11.7623
12.2721
12.7821
13.2918
13.7985
14.302
14.8039
15.3039
15.8015
16.2962
16.7874
17.2748
17.7578
18.2378
18.7139
19.184
19.6472
20.1048
20.556
20.9984
21.4329
21.8588
22.2711
22.6667
23.0457
23.4081
23.7536
24.0822
24.3938
24.6882
24.9653
25.225
25.4669
25.691
25.897
26.0847
26.2539
26.4043
26.5357
26.6477
26.7396
26.8109
26.8622
26.8943
26.9078
26.9033
26.8815
26.8431
26.7887
26.7188
26.6339
26.5346
26.4214
26.2948
26.1555
26.0038
25.8405
25.666
25.4809
25.2859
25.0804
24.8648
24.6406
24.4085
24.1678
23.9187
23.6632
23.4003
23.1304
22.8541
22.5716
22.2834
21.9899
21.6915
21.3885
21.0815
20.769
20.4529
20.1339
19.8104
19.4846
19.1572
18.8258
18.4911
18.1532
17.815
17.4767
17.1361
16.7936
16.4493
16.1037
15.757
15.4092
15.1176
-4.77272
-4.34178
-3.89787
-3.44672
-2.99233
-2.53493
-2.07473
-1.61189
-1.14664
-0.679121
-0.209494
0.265333
0.74505
1.22621
1.70861
2.19523
2.68575
3.17685
3.66833
4.16302
4.66062
5.16081
5.66335
6.16504
6.66856
7.17355
7.67975
8.18955
8.69986
9.21036
9.72075
10.2307
10.7425
11.2531
11.7623
12.2722
12.7821
13.2918
13.7985
14.302
14.8039
15.3039
15.8015
16.2962
16.7875
17.2749
17.7578
18.2378
18.7139
19.184
19.6472
20.1048
20.556
20.9984
21.433
21.8588
22.2711
22.6667
23.0457
23.4081
23.7536
24.0822
24.3938
24.6883
24.9653
25.225
25.4669
25.691
25.897
26.0847
26.2539
26.4043
26.5357
26.6478
26.7397
26.8109
26.8622
26.8943
26.9078
26.9034
26.8815
26.8431
26.7887
26.7188
26.6339
26.5346
26.4214
26.2948
26.1555
26.0038
25.8405
25.666
25.481
25.2859
25.0804
24.8648
24.6406
24.4085
24.1678
23.9187
23.6632
23.4003
23.1304
22.8541
22.5716
22.2834
21.9899
21.6915
21.3885
21.0815
20.769
20.453
20.134
19.8105
19.4846
19.1572
18.8258
18.4911
18.1532
17.815
17.4767
17.1361
16.7936
16.4493
16.1037
15.757
15.4092
15.1176
