0
0.00416667
0.00833333
0.0125
0.0166667
0.0208333
0.025
0.0291667
0.0333333
0.0375
0.0435174
0.05
0.0564826
0.0625
0.0666667
0.0708333
0.075
0.0791667
0.0833333
0.0875
0.0916667
0.0958333
0.1
0.104167
0.108333
0.1125
0.116667
0.120833
0.125
0.129167
0.133333
0.1375
0.14296
0.148843
0.155147
0.161874
0.169022
0.176593
0.184586
0.193001
0.201838
0.211097
0.220779
0.230882
0.241408
0.252356
0.263725
0.275517
0.287731
0.300368
0.313426
0.326906
0.340809
0.355133
0.36988
0.385049
0.40064
0.416653
0.433088
0.449946
0.467225
0.484926
0.50305
0.521596
0.540564
0.559954
0.579766
0.6
0.616667
0.633333
0.65
0.666667
0.683333
0.7
0.716667
0.733333
0.75
0.766667
0.783333
0.8
0.816667
0.833333
0.85
0.866667
0.883333
0.9
0.916667
0.933333
0.95
0.966667
0.983333
1
1.01667
1.03333
1.05
1.06667
1.08333
1.1
1.11667
1.13333
1.15
1.16667
1.18333
1.2
1.21667
1.23333
1.25
1.26667
1.28333
1.3
1.31667
1.33333
1.35
1.36667
1.38333
1.4
1.41667
1.43333
1.45
1.46667
1.48333
1.5
1.51667
1.53333
1.55
1.56667
1.58333
1.6
1.61667
1.63333
1.65
1.66667
1.68333
1.7
1.71667
1.73333
1.75
1.76667
1.78333
1.8
1.81667
1.83333
1.85
1.86667
1.88333
1.9
1.91667
1.93333
1.95
1.96667
1.98333
2
