0
0.00416667
0.00833333
0.0125
0.0166667
0.0208333
0.025
0.0291667
0.0333333
0.0375
0.0416667
0.0458333
0.05
0.0541667
0.0565619
0.0590839
0.0617326
0.0645079
0.06741
0.0704389
0.0735944
0.0768766
0.0802856
0.0838212
0.0874836
0.0912727
0.0951884
0.0992309
0.1034
0.107696
0.112119
0.116668
0.121344
0.126147
0.131076
0.136133
0.141315
0.146625
0.152061
0.157624
0.163314
0.169131
0.175074
0.181144
0.18734
0.193664
0.200114
0.20669
0.213394
0.220224
0.227181
0.234264
0.241475
0.248812
0.256275
0.263866
0.271583
0.279427
0.287397
0.295495
0.303719
0.312069
0.320547
0.329151
0.337882
0.346739
0.355723
0.364834
0.374072
0.383436
0.392927
0.402545
0.41229
0.422161
0.432159
0.442284
0.452535
0.462913
0.473418
0.484049
0.494807
0.505692
0.516704
0.527842
0.539107
0.550499
0.562018
0.573663
0.585435
0.597333
0.609359
0.621511
0.633789
0.646195
0.658727
0.671386
0.684171
0.697084
0.710123
0.723288
0.736581
0.75
0.766667
0.783333
0.8
0.816667
0.833333
0.85
0.866667
0.883333
0.9
0.916667
0.933333
0.95
0.966667
0.983333
1
1.01667
1.03333
1.05
1.06667
1.08333
1.1
1.11667
1.13333
1.15
1.16667
1.18333
1.2
1.21667
1.23333
1.25
1.26667
1.28333
1.3
1.31667
1.33333
1.35
1.36667
1.38333
1.4
1.41667
1.43333
1.45
1.46667
1.48333
1.5
1.51667
1.53333
1.55
1.56667
1.58333
1.6
1.61667
1.63333
1.65
1.66667
1.68333
1.7
1.71667
1.73333
1.75
1.76667
1.78333
1.8
1.81667
1.83333
1.85
1.86667
1.88333
1.9
1.91667
1.93333
1.95
1.96667
1.98333
2
2.01667
2.03333
2.05
2.06667
2.08333
2.1
2.11667
2.13333
2.15
2.16667
2.18333
2.2
2.21667
2.23333
2.25
2.26342
2.27671
2.28988
2.30292
2.31583
2.32861
2.34127
2.35381
2.36621
2.37849
2.39064
2.40267
2.41457
2.42634
2.43798
2.4495
2.46089
2.47216
2.4833
2.49431
2.50519
2.51595
2.52658
2.53709
2.54747
2.55772
2.56784
2.57784
2.58771
2.59745
2.60707
2.61656
2.62593
2.63517
2.64428
2.65326
2.66212
2.67085
2.67945
2.68793
2.69628
2.70451
2.7126
2.72057
2.72842
2.73613
2.74372
2.75119
2.75853
2.76574
2.77282
2.77978
2.78661
2.79331
2.79989
2.80634
2.81266
2.81886
2.82493
2.83087
2.83669
2.84238
2.84794
2.85337
2.85868
2.86387
2.86892
2.87385
2.87866
2.88333
2.88788
2.8923
2.8966
2.90077
2.90481
2.90873
2.91252
2.91618
2.91971
2.92312
2.92641
2.92956
2.93259
2.93549
2.93827
2.94092
2.94344
2.94583
2.95
2.95417
2.95833
2.9625
2.96667
2.97083
2.975
2.97917
2.98333
2.9875
2.99167
2.99583
3
