0.00833333
0.025
0.0416667
0.0583333
0.075
0.0916667
0.108333
0.125
0.141667
0.158333
0.175
0.191667
0.208333
0.225
0.241667
0.258333
0.275
0.291667
0.308333
0.325
0.341667
0.358333
0.375
0.391667
0.408333
0.425
0.441667
0.458333
0.475
0.491667
0.508333
0.525
0.541667
0.558333
0.575
0.591667
0.608333
0.625
0.641667
0.658333
0.675
0.691667
0.708333
0.725
0.741667
0.758333
0.775
0.791667
0.808333
0.825
0.841667
0.858333
0.875
0.891667
0.908333
0.925
0.941667
0.958333
0.975
0.991667
1.00833
1.025
1.04167
1.05833
1.075
1.09167
1.10833
1.125
1.14167
1.15833
1.175
1.19167
1.20833
1.225
1.24167
1.25833
1.275
1.29167
1.30833
1.325
1.34167
1.35833
1.375
1.39167
1.40833
1.425
1.44167
1.45833
1.475
1.49167
1.50833
1.525
1.54167
1.55833
1.575
1.59167
1.60833
1.625
1.64167
1.65833
1.675
1.69167
1.70833
1.725
1.74167
1.75833
1.775
1.79167
1.80833
1.825
1.84167
1.85833
1.875
1.89167
1.90833
1.925
1.94167
1.95833
1.975
1.99167
2.00833
2.025
2.04167
2.05833
2.075
2.09167
2.10833
2.125
2.14167
2.15833
2.175
2.19167
2.20833
2.225
2.24167
2.25833
2.275
2.29167
2.30833
2.325
2.34167
2.35833
2.375
2.39167
2.40833
2.425
2.44167
2.45833
2.475
2.49167
2.50833
2.525
2.54167
2.55833
2.575
2.59167
2.60833
2.625
2.64167
2.65833
2.675
2.69167
2.70833
2.725
2.74167
2.75833
2.775
2.79167
2.80833
2.825
2.84167
2.85833
2.875
2.89167
2.90833
2.925
2.94167
2.95833
2.975
2.99167
