-4.29991
-2.90223
-1.51358
-0.140759
1.20955
2.53073
3.81633
5.06016
6.25611
7.39831
8.48136
9.49993
10.4491
11.3243
12.1213
12.8363
13.4659
14.0071
14.4574
14.8146
15.0772
15.2439
15.3141
15.2875
15.1645
14.9457
14.6325
14.2265
13.7297
13.145
12.4753
11.724
10.895
9.99265
9.02146
7.98643
6.89292
5.74637
4.5527
3.31804
2.04855
0.750753
-0.568659
-1.90313
-3.24577
-4.58966
-5.92811
-7.25419
-8.56105
-9.84214
-11.0908
-12.3006
-13.4654
-14.579
-15.6358
-16.6302
-17.557
-18.4113
-19.1887
-19.8849
-20.496
-21.0191
-21.4509
-21.7888
-22.0312
-22.1761
-22.2226
-22.1701
-22.0183
-21.7677
-21.419
-20.9734
-20.433
-19.7995
-19.0758
-18.2655
-17.3711
-16.397
-15.3483
-14.2282
-13.0424
-11.797
-10.4961
-9.14637
-7.75468
-6.3257
-4.86674
-3.38533
-1.88641
-0.377685
1.13309
2.64088
4.13792
5.61658
7.07193
8.49653
9.88314
11.2272
12.522
13.7608
14.9399
16.0532
17.0953
18.0629
18.9514
19.7565
20.4758
21.1061
21.6445
22.0897
22.4399
22.6938
22.8513
22.912
22.8764
22.7453
22.5201
22.2027
21.7951
21.3001
20.7213
20.0615
19.3251
18.5168
17.6404
16.7015
15.706
14.6584
13.5651
12.433
11.267
10.0744
8.86244
7.63649
6.40407
5.17278
3.94798
2.73726
1.54808
0.385686
-0.74266
-1.82994
-2.87126
-3.86
-4.7899
-5.65665
-6.45453
-7.17833
-7.82449
-8.38847
-8.86636
-9.25545
-9.55263
-9.75541
-9.8621
-9.87111
-9.78153
-9.59274
-9.30473
-8.91821
-8.43366
-7.85266
-7.17753
-6.40977
-5.55254
-4.60963
-3.58352
-2.47878
-1.30053
-0.0521032
1.26072
2.63169
4.05679
5.52926
7.04203
8.59056
10.1674
11.765
13.3784
15
