4.99443
4.98329
4.97214
4.961
4.94986
4.93872
4.92758
4.91643
4.90529
4.89415
4.88301
4.87187
4.86072
4.84958
4.83844
4.8273
4.81616
4.80501
4.79387
4.78273
4.77159
4.76045
4.7493
4.73816
4.72702
4.71588
4.70474
4.69359
4.68245
4.67131
4.66017
4.64903
4.63788
4.62674
4.6156
4.60446
4.59332
4.58217
4.57103
4.55989
4.54875
4.5376
4.52646
4.51532
4.50418
4.49304
4.48189
4.47075
4.45961
4.44847
4.43733
4.42618
4.41504
4.4039
4.39276
4.38162
4.37047
4.35933
4.34819
4.33705
4.32591
4.31476
4.30362
4.29248
4.28134
4.27019
4.25906
4.24791
4.23677
4.22563
4.21449
4.20334
4.1922
4.18106
4.16992
4.15878
4.14763
4.13649
4.12535
4.11421
4.10306
4.09193
4.08078
4.06964
4.0585
4.04735
4.03621
4.02507
4.01393
4.00278
3.99165
3.9805
3.96936
3.95822
3.94708
3.93593
3.92479
3.91365
3.90251
3.89137
3.88022
3.86908
3.85794
3.8468
3.83565
3.82452
3.81337
3.80223
3.79109
3.77995
3.7688
3.75766
3.74652
3.73538
3.72424
3.71309
3.70195
3.69081
3.67967
3.66852
3.65739
3.64624
3.6351
3.62396
3.61281
3.60167
3.59053
3.57939
3.56824
3.55711
3.54596
3.53482
3.52368
3.51254
3.50139
3.49025
3.47911
3.46797
3.45683
3.44568
3.43454
3.4234
3.41226
3.40111
3.38998
3.37883
3.36769
3.35655
3.34541
3.33426
3.32312
3.31198
3.30084
3.2897
3.27855
3.26741
3.25627
3.24513
3.23398
3.22285
3.2117
3.20056
3.18942
3.17828
3.16713
3.15599
3.14485
3.1337
3.12257
3.11142
3.10028
3.08914
3.078
3.06685
3.05571
3.04457
3.03343
3.02229
3.01114
3
