-1.58265
-0.357734
2.11002
5.04502
7.9801
10.7509
13.0656
14.4217
14.2739
12.0799
7.35702
0.178004
-8.44896
-16.105
-20.3709
-20.0546
-15.0859
-6.53332
3.65972
13.1579
19.8132
22.1973
19.9566
13.8986
5.79019
-1.86926
-6.88666
-8.80895
-8.18565
-5.85589
-2.59858
1.03792
4.52973
7.4533
8.46404
2.81683
-0.179875
0.653979
2.46459
4.85193
7.3538
9.77214
11.8205
13.0376
12.9281
11.0089
6.83928
0.480478
-7.17173
-13.9479
-17.6905
-17.3347
-12.8185
-5.09821
4.08761
12.6496
18.6657
20.8569
18.9044
13.5267
6.29672
-0.556492
-5.06749
-6.85311
-6.41232
-4.51128
-1.87993
0.934494
3.35697
4.81137
4.10024
0.781576
0.307595
1.23432
2.70574
4.63914
6.71912
8.77292
10.5409
11.612
11.5468
9.92303
6.34884
0.872814
-5.72839
-11.5576
-14.7367
-14.3376
-10.307
-3.48087
4.62202
12.1762
17.5017
19.4797
17.8287
13.1709
6.87184
0.869833
-3.1188
-4.77836
-4.55545
-3.13466
-1.18074
0.788677
2.25191
2.78523
1.89634
0.333694
0.439517
1.43691
2.75752
4.39894
6.1578
7.91011
9.4379
10.3844
10.3653
9.01346
5.9844
1.31559
-4.32348
-9.28717
-11.9512
-11.5115
-7.92276
-1.91143
5.2034
11.8363
16.5275
18.3038
16.917
12.9017
7.43483
2.1896
-1.34728
-2.91428
-2.90891
-1.93331
-0.573407
0.719706
1.54669
1.67969
0.997455
0.174095
0.468648
1.47486
2.70959
4.17501
5.72258
7.26474
8.62023
9.47867
9.50147
8.36497
5.7636
1.72664
-3.15921
-7.44612
-9.7072
-9.23488
-5.9901
-0.614027
5.72962
11.6421
15.835
17.4481
16.2591
12.7344
7.9038
3.23418
0.0328872
-1.47605
-1.64907
-1.01689
-0.0916751
0.745712
1.2022
1.16495
0.63701
0.111089
0.468453
1.45571
2.62342
3.96476
5.35927
6.74418
7.96851
8.76183
8.82512
7.87193
5.63009
2.12261
-2.13237
-5.85297
-7.77677
-7.27642
-4.31809
0.528021
6.22758
11.5373
15.3113
16.7835
15.7531
12.6292
8.31946
4.11878
1.18549
-0.28428
-0.609904
-0.257379
0.329412
0.834143
1.04522
0.911077
0.469829
0.0819647
0.45525
1.4057
2.50487
3.73551
4.99453
6.23832
7.34416
8.08164
8.19235
7.42798
5.55081
2.57817
-1.04025
-4.18995
-5.7736
-5.24417
-2.57308
1.74061
6.79228
11.4944
14.8442
16.1695
15.2912
12.561
8.76393
5.02257
2.3468
0.908159
0.427598
0.508594
0.77979
0.989936
0.996121
0.780366
0.382008
0.066657
0.433335
1.33325
2.3602
3.48941
4.629
5.74904
6.75207
7.44659
7.61533
7.04929
5.54651
3.11925
0.148516
-2.421
-3.6587
-3.09852
-0.717127
3.05816
7.45349
11.5384
14.4543
15.6238
14.8894
12.5448
9.25154
5.95896
3.52918
2.11307
1.47624
1.29644
1.27676
1.22666
1.05517
0.75603
0.354355
0.0617612
0.407531
1.25097
2.20592
3.24393
4.28165
5.29883
6.21954
6.88775
7.12551
6.76245
5.63204
3.74222
1.40763
-0.592902
-1.491
-0.899139
1.20094
4.45159
8.20595
11.6861
14.1733
15.1821
14.576
12.5925
9.77328
6.90041
4.6953
3.29303
2.50624
2.08709
1.80894
1.53227
1.20189
0.811142
0.368302
0.0640363
0.380913
1.16735
2.05378
3.01131
3.96431
4.90007
5.761
6.42256
6.74308
6.58928
5.82903
4.46654
2.75288
1.30657
0.739745
1.36455
3.19443
5.9387
9.07251
11.9645
14.0301
14.8726
14.3751
12.7216
10.3389
7.84999
5.84498
4.44811
3.52009
2.88462
2.37776
1.90007
1.41999
0.925884
0.411758
0.0713825
0.357127
1.09318
1.92106
2.81352
3.70219
4.58081
5.40732
6.08359
6.49916
6.55398
6.14722
5.27963
4.14435
3.21282
2.95431
3.61244
5.19632
7.47634
10.0389
12.386
14.0557
14.7318
14.3158
12.9428
10.9358
8.77532
6.93605
5.53621
4.48169
3.65922
2.95608
2.30194
1.68098
1.07664
0.472833
0.0817549
0.338728
1.03609
1.82009
2.66611
3.5123
4.35829
5.17524
5.88632
6.40645
6.66366
6.5837
6.16384
5.54656
5.07425
5.09162
5.78286
7.15346
9.02693
11.0863
12.9498
14.2618
14.7762
14.4107
13.2587
11.5539
9.65557
7.94311
6.53201
5.36718
4.3868
3.51729
2.70881
1.95696
1.24202
0.54137
0.0934115
0.326723
0.999048
1.75544
2.57423
3.399
4.23502
5.06497
5.8291
6.46253
6.91637
7.13823
7.12141
6.96439
6.89807
7.16038
7.88507
9.07465
10.598
12.2208
13.6602
14.6515
15.0086
14.6634
13.6743
12.2005
10.5011
8.8783
7.44691
6.18369
5.06723
4.05336
3.10698
2.233
1.41019
0.611734
0.105386
0.3219
0.984404
1.73096
2.54259
3.367
4.21478
5.07854
5.91186
6.66523
7.30797
7.80461
8.14375
8.38663
8.67077
9.14591
9.90466
10.9473
12.1801
13.4363
14.5146
15.225
15.4308
15.0762
14.1919
12.8777
11.3138
9.74332
8.28103
6.92776
5.69232
4.55199
3.48229
2.49611
1.57179
0.679646
0.116947
0.324123
0.991669
1.74546
2.56872
3.41159
4.28946
5.203
6.11535
6.98777
7.80284
8.53697
9.17353
9.74408
10.3132
10.9631
11.7555
12.6891
13.6988
14.669
15.4601
15.9389
16.0065
15.6172
14.7821
13.5574
12.067
10.5126
9.00915
7.57371
6.23601
4.98795
3.81241
2.72871
1.71515
0.74001
0.127223
0.331483
1.01486
1.78812
2.63601
3.50965
4.42838
5.39895
6.39071
7.3717
8.33335
9.25952
10.1284
10.9496
11.735
12.5192
13.343
14.2042
15.0574
15.8225
16.4027
16.7039
16.6542
16.2153
15.3859
14.1939
12.7266
11.16
9.60907
8.1008
6.67826
5.34258
4.08129
2.91843
1.83221
0.789325
0.135619
0.341463
1.04615
1.84495
2.72361
3.63325
4.59635
5.62415
6.68981
7.76538
8.84804
9.9261
10.973
11.9824
12.929
13.815
14.6672
15.4832
16.2304
16.8529
17.2821
17.4505
17.3043
16.811
15.9618
14.7668
13.2911
11.6955
10.0953
8.52318
7.03058
5.6243
4.29461
3.06887
1.92501
0.828422
0.142276
0.352477
1.08061
1.90723
2.8187
3.76558
4.77287
5.85515
6.98786
8.14535
9.32856
10.5284
11.7141
12.8674
13.9367
14.9014
15.7794
16.5679
17.2435
17.7659
18.0857
18.1535
17.9276
17.3801
16.4979
15.2802
13.7784
12.1451
10.4962
8.86741
7.31576
5.85141
4.46618
3.18969
1.99949
0.859789
0.147616
0.363522
1.11513
1.96945
2.91321
3.89613
4.94523
6.07761
7.27003
8.49806
9.76511
11.0635
12.3588
13.6242
14.7883
15.8151
16.7164
17.4893
18.1163
18.5679
18.8077
18.7982
18.5065
17.908
16.9873
15.7369
14.2002
12.526
10.8305
9.15146
7.54951
6.03675
4.6058
3.28787
2.05996
0.885241
0.151949
0.373984
1.14781
2.02824
3.00227
4.01857
5.10585
6.28314
7.52786
8.81618
10.1531
11.5317
12.9147
14.2681
15.5068
16.5832
17.5053
18.2702
18.8643
19.2655
19.446
19.3767
19.0306
18.3859
17.4259
16.1391
14.5645
12.8494
11.1108
9.38752
7.74259
6.18923
4.72038
3.3683
2.10944
0.906063
0.155494
0.383508
1.17754
2.08169
3.08304
4.12928
5.25047
6.46708
7.75688
9.09621
10.4912
11.9352
13.3883
14.8117
16.1093
17.2258
18.1662
18.9277
19.4997
19.8647
20.001
19.8851
19.4945
18.8089
17.8117
16.4887
14.8767
13.123
11.3457
9.58388
7.90238
6.31498
4.81465
3.43439
2.15007
0.923149
0.158403
0.391907
1.20375
2.12876
3.15407
4.2264
5.3769
6.62718
7.9551
9.33696
10.7797
12.2767
13.7859
15.2647
16.609
17.7577
18.714
19.4751
20.0321
20.3711
20.4744
20.3223
19.8952
19.1747
18.1439
16.7873
15.1408
13.3523
11.541
9.74621
8.03394
6.41822
4.8919
3.48848
2.1833
0.937119
0.160781
0.399117
1.22624
2.16911
3.21482
4.30924
5.48437
6.76267
8.12198
9.53852
11.0197
12.559
14.1126
15.635
17.0161
18.1904
19.1601
19.9223
20.4694
20.7897
20.8683
20.6882
20.232
19.4824
18.4226
17.0364
15.3595
13.541
11.7007
9.87842
8.14075
6.50185
4.95437
3.53218
2.21013
0.948397
0.162701
0.405187
1.24515
2.20293
3.26552
4.37798
5.57298
6.87365
8.25782
9.70161
11.2128
12.785
14.3729
15.9287
17.3381
18.5325
19.513
20.2769
20.8176
21.1246
21.1849
20.9837
20.5047
19.7317
18.6481
17.2373
15.5349
13.6916
11.8277
9.98319
8.22519
6.56785
5.00363
3.56661
2.23126
0.957276
0.164212
0.410417
1.26132
2.23144
3.30743
4.43371
5.64358
6.96077
8.36324
9.82712
11.3605
12.9569
14.5701
16.1506
17.5809
18.7902
19.7791
20.5449
21.0813
21.3791
21.4265
21.2098
20.7139
19.9231
18.8209
17.3908
15.6687
13.806
11.9239
10.0624
8.28888
6.61758
5.0407
3.59251
2.24715
0.963953
0.165349
0.416383
1.27836
2.25883
3.34404
4.47877
5.69743
7.02464
8.43864
9.91562
11.4638
13.0765
14.7068
16.3041
17.7487
18.9682
19.963
20.7302
21.2641
21.556
21.5948
21.3677
20.8601
20.0569
18.9418
17.498
15.7618
13.8854
11.9906
10.1172
8.33293
6.65193
5.0663
3.61039
2.25812
0.96856
0.166133
0.439524
1.31729
2.30012
3.38293
4.51574
5.7346
7.06451
8.48343
9.96702
11.5232
13.1449
14.7848
16.3915
17.8441
19.0694
20.0675
20.8357
21.3683
21.6569
21.691
21.458
20.9439
20.1336
19.011
17.5594
15.815
13.9308
12.0287
10.1484
8.35801
6.67149
5.08087
3.62056
2.26435
0.97118
0.166579
0.702152
1.44531
2.35724
3.40843
4.52885
5.74328
7.07215
8.49147
9.97607
11.5336
13.1569
14.7984
16.4068
17.8608
19.0871
20.0858
20.8541
21.3865
21.6745
21.7078
21.4738
20.9586
20.147
19.0231
17.5701
15.8243
13.9387
12.0353
10.1538
8.36239
6.6749
5.08341
3.62234
2.26544
0.971637
0.166657
