0
0.0166667
0.0333333
0.05
0.0666667
0.0833333
0.1
0.116667
0.133333
0.15
0.166667
0.183333
0.2
0.216667
0.233333
0.25
0.266667
0.283333
0.3
0.316667
0.333333
0.35
0.366667
0.383333
0.4
0.416667
0.433333
0.45
0.466667
0.483333
0.5
0.516667
0.533333
0.55
0.566667
0.583333
0.6
0.616667
0.633333
0.65
0.666667
0.683333
0.7
0.716667
0.733333
0.75
0.766667
0.783333
0.8
0.816667
0.833333
0.85
0.866667
0.883333
0.9
0.916667
0.933333
0.95
0.966667
0.983333
1
1.01667
1.03333
1.05
1.06667
1.08333
1.1
1.11667
1.13333
1.15
1.16667
1.18333
1.2
1.21667
1.23333
1.25
1.26667
1.28333
1.3
1.31667
1.33333
1.35
1.36667
1.38333
1.4
1.41667
1.43333
1.45
1.46667
1.48333
1.5
1.51667
1.53333
1.55
1.56667
1.58333
1.6
1.61667
1.63333
1.65
1.66667
1.68333
1.7
1.71667
1.73333
1.75
1.76667
1.78333
1.8
1.81667
1.83333
1.85
1.86667
1.88333
1.9
1.91667
1.93333
1.95
1.96667
1.98333
2
2.01667
2.03333
2.05
2.06667
2.08333
2.1
2.11667
2.13333
2.15
2.16667
2.18333
2.2
2.21667
2.23333
2.25
2.27041
2.29053
2.31037
2.32992
2.3492
2.36818
2.38689
2.40531
2.42344
2.4413
2.45886
2.47615
2.49315
2.50987
2.5263
2.54245
2.55832
2.5739
2.5892
2.60421
2.61894
2.63339
2.64755
2.66143
2.67503
2.68834
2.70136
2.71411
2.72657
2.73874
2.75064
2.76225
2.77357
2.78461
2.79537
2.80584
2.81603
2.82594
2.83556
2.8449
2.85395
2.86272
2.87121
2.87941
2.88733
2.89497
2.90232
2.90939
2.91617
2.92267
2.92889
2.93482
2.94047
2.94583
2.95
2.95417
2.95833
2.9625
2.96667
2.97083
2.975
2.97917
2.98333
2.9875
2.99167
2.99583
3
