0
0.008
0.01664
0.02656
0.03712
0.04832
0.0608
0.07392
0.08832
0.104
0.12032
0.13856
0.15808
0.17888
0.2016
0.22624
0.2528
0.28128
0.31232
0.34592
0.38208
0.4208
0.4608
0.5008
0.5408
0.5808
0.6208
0.6608
0.7008
0.7408
0.7808
0.8208
0.8608
0.9008
0.9408
0.9808
1.0208
1.0608
1.1008
1.1408
1.1808
1.2208
1.2608
1.3008
1.3408
1.3808
1.4208
1.4608
1.5008
1.5408
1.5808
1.6208
1.65888
1.6944
1.72672
1.75648
1.78368
1.80896
1.83232
1.85376
1.87328
1.89152
1.90848
1.92352
1.93792
1.95104
1.96288
1.97408
1.984
1.99328
2
