0.00208333
0.00625
0.0104167
0.0145833
0.01875
0.0229167
0.0270833
0.03125
0.0354167
0.038709
0.0412205
0.0439189
0.0468043
0.0498765
0.0531358
0.0565819
0.060215
0.064035
0.0680419
0.0722357
0.0766165
0.0811842
0.0859389
0.0908805
0.096009
0.101324
0.106827
0.112516
0.118392
0.124455
0.130706
0.137143
0.143766
0.150577
0.157575
0.16476
0.172132
0.17969
0.187436
0.195368
0.203487
0.211794
0.220287
0.228967
0.237834
0.246888
0.256129
0.265557
0.275172
0.284974
0.294962
0.305138
0.3155
0.32605
0.336786
0.34771
0.35882
0.370117
0.381601
0.393272
0.40513
0.417175
0.429407
0.441826
0.454431
0.467224
0.480204
0.49337
0.508333
0.525
0.541667
0.558333
0.575
0.591667
0.608333
0.625
0.641667
0.658333
0.675
0.691667
0.708333
0.725
0.741667
0.758333
0.775
0.791667
0.808333
0.825
0.841667
0.858333
0.875
0.891667
0.908333
0.925
0.941667
0.958333
0.975
0.991667
1.00833
1.025
1.04167
1.05833
1.075
1.09167
1.10833
1.125
1.14167
1.15833
1.175
1.19167
1.20833
1.225
1.24167
1.25833
1.275
1.29167
1.30833
1.325
1.34167
1.35833
1.375
1.39167
1.40833
1.425
1.44167
1.45833
1.475
1.49167
1.50663
1.5198
1.53278
1.54557
1.55817
1.57059
1.58282
1.59487
1.60673
1.6184
1.62988
1.64118
1.65229
1.66321
1.67395
1.6845
1.69486
1.70504
1.71503
1.72483
1.73444
1.74387
1.75311
1.76217
1.77103
1.77971
1.78821
1.79651
1.80463
1.81256
1.82031
1.82787
1.83524
1.84242
1.84942
1.85623
1.86286
1.86929
1.87554
1.88161
1.88748
1.89317
1.89868
1.90399
1.90912
1.91406
1.91882
1.92338
1.92776
1.93196
1.93597
1.93979
1.94342
1.94686
1.95012
1.9532
1.95608
1.95878
1.96129
1.96458
1.96875
1.97292
1.97708
1.98125
1.98542
1.98958
1.99375
1.99792
