0.00833333
0.025
0.0416667
0.0583333
0.075
0.0916667
0.108333
0.125
0.141667
0.158333
0.175
0.191667
0.208333
0.225
0.241667
0.258333
0.275
0.291667
0.308333
0.325
0.341667
0.358333
0.375
0.391667
0.408333
0.425
0.441667
0.458333
0.475
0.491667
0.508333
0.525
0.541667
0.558333
0.575
0.591667
0.608333
0.625
0.641667
0.658333
0.675
0.691667
0.708333
0.725
0.741667
0.758333
0.775
0.791667
0.808333
0.825
0.841667
0.858333
0.875
0.891667
0.908333
0.925
0.941667
0.958333
0.975
0.991667
1.00833
1.025
1.04167
1.05833
1.075
1.09167
1.10833
1.125
1.14167
1.15833
1.175
1.19167
1.20833
1.225
1.24167
1.25833
1.275
1.29167
1.30833
1.325
1.34167
1.35833
1.375
1.39167
1.40833
1.425
1.44167
1.45833
1.475
1.49167
1.50833
1.525
1.54167
1.55833
1.575
1.59167
1.60833
1.625
1.64167
1.65833
1.675
1.69167
1.70833
1.725
1.74167
1.75833
1.775
1.79167
1.80833
1.825
1.84167
1.85833
1.875
1.89167
1.90833
1.925
1.94167
1.95833
1.975
1.99167
2.00833
2.025
2.04167
2.05833
2.075
2.09167
2.10833
2.125
2.14167
2.15833
2.175
2.19167
2.20833
2.225
2.24167
2.2602
2.28047
2.30045
2.32015
2.33956
2.35869
2.37754
2.3961
2.41438
2.43237
2.45008
2.46751
2.48465
2.50151
2.51808
2.53438
2.55038
2.56611
2.58155
2.5967
2.61158
2.62616
2.64047
2.65449
2.66823
2.68168
2.69485
2.70774
2.72034
2.73266
2.74469
2.75644
2.76791
2.77909
2.78999
2.80061
2.81094
2.82099
2.83075
2.84023
2.84943
2.85834
2.86697
2.87531
2.88337
2.89115
2.89864
2.90585
2.91278
2.91942
2.92578
2.93185
2.93764
2.94315
2.94792
2.95208
2.95625
2.96042
2.96458
2.96875
2.97292
2.97708
2.98125
2.98542
2.98958
2.99375
2.99792
