1	0.0330436
2	0.0132705
3	0.00861293
4	0.00661249
5	0.00547901
6	0.00473473
7	0.00420092
8	0.00379525
9	0.00347414
10	0.00321218
11	0.00299345
12	0.00280741
13	0.00264679
14	0.00250638
15	0.00238234
16	0.00227177
17	0.00217245
18	0.00208264
19	0.00200092
20	0.0019262
21	0.00185753
22	0.00179417
23	0.00173548
24	0.00168093
25	0.00163007
26	0.0015825
27	0.0015379
28	0.00149598
29	0.00145649
30	0.00141921
31	0.00138394
32	0.00135052
33	0.0013188
34	0.00128864
35	0.00125991
36	0.00123253
37	0.00120638
38	0.00118138
39	0.00115744
40	0.00113451
41	0.00111251
42	0.00109139
43	0.00107108
44	0.00105155
45	0.00103274
46	0.00101461
47	0.000997122
48	0.000980244
49	0.000963941
50	0.000948182
51	0.000932938
52	0.000918183
53	0.000903892
54	0.000890044
55	0.000876615
56	0.000863587
57	0.00085094
58	0.000838658
59	0.000826723
60	0.000815121
61	0.000803836
62	0.000792856
63	0.000782167
64	0.000771757
65	0.000761615
66	0.00075173
67	0.000742092
68	0.000732692
69	0.000723519
70	0.000714566
71	0.000705824
72	0.000697286
73	0.000688944
74	0.00068079
75	0.00067282
76	0.000665025
77	0.0006574
78	0.000649939
79	0.000642637
80	0.000635488
81	0.000628488
82	0.000621631
83	0.000614914
84	0.00060833
85	0.000601878
86	0.000595551
87	0.000589347
88	0.000583262
89	0.000577292
90	0.000571434
91	0.000565685
92	0.000560041
93	0.0005545
94	0.000549058
95	0.000543714
96	0.000538463
97	0.000533304
98	0.000528234
99	0.00052325
100	0.000518352
101	0.000513535
102	0.000508798
103	0.00050414
104	0.000499557
105	0.000495049
106	0.000490612
107	0.000486247
108	0.00048195
109	0.00047772
110	0.000473555
111	0.000469454
112	0.000465416
113	0.000461439
114	0.000457521
115	0.000453661
116	0.000449858
117	0.000446111
118	0.000442418
119	0.000438778
120	0.000435189
121	0.000431652
122	0.000428164
123	0.000424725
124	0.000421333
125	0.000417988
126	0.000414689
127	0.000411434
128	0.000408222
129	0.000405054
130	0.000401927
131	0.000398842
132	0.000395796
133	0.000392791
134	0.000389823
135	0.000386894
136	0.000384002
137	0.000381146
138	0.000378327
139	0.000375542
140	0.000372791
141	0.000370075
142	0.000367391
143	0.00036474
144	0.000362121
145	0.000359533
146	0.000356976
147	0.000354449
148	0.000351952
149	0.000349484
150	0.000347045
151	0.000344634
152	0.00034225
153	0.000339894
154	0.000337564
155	0.00033526
156	0.000332983
157	0.00033073
158	0.000328503
159	0.0003263
160	0.000324121
161	0.000321966
162	0.000319834
163	0.000317725
164	0.000315639
165	0.000313575
166	0.000311533
167	0.000309512
168	0.000307513
169	0.000305534
170	0.000303576
171	0.000301638
172	0.000299719
173	0.000297821
174	0.000295942
175	0.000294081
176	0.00029224
177	0.000290416
178	0.000288611
179	0.000286824
180	0.000285055
181	0.000283302
182	0.000281567
183	0.000279849
184	0.000278147
185	0.000276462
186	0.000274793
187	0.000273139
188	0.000271502
189	0.00026988
190	0.000268273
191	0.000266681
192	0.000265104
193	0.000263541
194	0.000261993
195	0.000260459
196	0.00025894
197	0.000257434
198	0.000255941
199	0.000254462
200	0.000252997
201	0.000251544
202	0.000250105
203	0.000248678
204	0.000247264
205	0.000245862
206	0.000244473
207	0.000243095
208	0.00024173
209	0.000240376
210	0.000239034
211	0.000237704
212	0.000236385
213	0.000235077
214	0.00023378
215	0.000232495
216	0.00023122
217	0.000229955
218	0.000228701
219	0.000227458
220	0.000226225
221	0.000225002
222	0.000223789
223	0.000222586
224	0.000221393
225	0.000220209
226	0.000219035
227	0.000217871
228	0.000216716
229	0.00021557
230	0.000214433
231	0.000213305
232	0.000212187
233	0.000211077
234	0.000209975
235	0.000208883
236	0.000207798
237	0.000206723
238	0.000205655
239	0.000204596
240	0.000203545
241	0.000202502
242	0.000201467
243	0.000200439
244	0.00019942
245	0.000198408
246	0.000197404
247	0.000196407
248	0.000195418
249	0.000194436
250	0.000193462
251	0.000192495
252	0.000191534
253	0.000190581
254	0.000189635
255	0.000188696
256	0.000187763
257	0.000186838
258	0.000185919
259	0.000185006
260	0.0001841
261	0.000183201
262	0.000182308
263	0.000181421
264	0.000180541
265	0.000179667
266	0.000178799
267	0.000177937
268	0.000177081
269	0.000176232
270	0.000175388
271	0.00017455
272	0.000173717
273	0.000172891
274	0.00017207
275	0.000171254
276	0.000170445
277	0.000169641
278	0.000168842
279	0.000168048
280	0.00016726
281	0.000166478
282	0.0001657
283	0.000164928
284	0.000164161
285	0.000163399
286	0.000162642
287	0.00016189
288	0.000161143
289	0.000160401
290	0.000159664
291	0.000158931
292	0.000158203
293	0.000157481
294	0.000156762
295	0.000156049
296	0.00015534
297	0.000154635
298	0.000153935
299	0.00015324
300	0.000152549
301	0.000151862
302	0.00015118
303	0.000150502
304	0.000149828
305	0.000149158
306	0.000148493
307	0.000147832
308	0.000147175
309	0.000146522
310	0.000145873
311	0.000145228
312	0.000144587
313	0.00014395
314	0.000143317
315	0.000142688
316	0.000142062
317	0.000141441
318	0.000140823
319	0.000140209
320	0.000139598
321	0.000138992
322	0.000138389
323	0.000137789
324	0.000137193
325	0.000136601
326	0.000136012
327	0.000135427
328	0.000134845
329	0.000134266
330	0.000133691
331	0.00013312
332	0.000132552
333	0.000131987
334	0.000131425
335	0.000130866
336	0.000130311
337	0.000129759
338	0.000129211
339	0.000128665
340	0.000128122
341	0.000127583
342	0.000127047
343	0.000126514
344	0.000125983
345	0.000125456
346	0.000124932
347	0.000124411
348	0.000123892
349	0.000123377
350	0.000122864
351	0.000122355
352	0.000121848
353	0.000121344
354	0.000120843
355	0.000120344
356	0.000119849
357	0.000119356
358	0.000118866
359	0.000118378
360	0.000117893
361	0.000117411
362	0.000116932
363	0.000116455
364	0.00011598
365	0.000115508
366	0.000115039
367	0.000114573
368	0.000114108
369	0.000113647
370	0.000113187
371	0.000112731
372	0.000112276
373	0.000111824
374	0.000111375
375	0.000110928
376	0.000110483
377	0.000110041
378	0.000109601
379	0.000109163
380	0.000108727
381	0.000108294
382	0.000107863
383	0.000107435
384	0.000107008
385	0.000106584
386	0.000106162
387	0.000105742
388	0.000105325
389	0.000104909
390	0.000104496
391	0.000104084
392	0.000103675
393	0.000103268
394	0.000102863
395	0.00010246
396	0.000102059
397	0.00010166
398	0.000101264
399	0.000100869
400	0.000100476
401	0.000100085
402	9.96961e-05
403	9.93092e-05
404	9.89242e-05
405	9.85411e-05
406	9.81599e-05
407	9.77806e-05
408	9.74031e-05
409	9.70276e-05
410	9.66539e-05
411	9.6282e-05
412	9.5912e-05
413	9.55438e-05
414	9.51774e-05
415	9.48128e-05
416	9.445e-05
417	9.40889e-05
418	9.37296e-05
419	9.3372e-05
420	9.30162e-05
421	9.26621e-05
422	9.23097e-05
423	9.19591e-05
424	9.16101e-05
425	9.12627e-05
426	9.09171e-05
427	9.05731e-05
428	9.02307e-05
429	8.989e-05
430	8.95509e-05
431	8.92134e-05
432	8.88775e-05
433	8.85432e-05
434	8.82105e-05
435	8.78794e-05
436	8.75498e-05
437	8.72217e-05
438	8.68952e-05
439	8.65703e-05
440	8.62468e-05
441	8.59249e-05
442	8.56045e-05
443	8.52855e-05
444	8.49681e-05
445	8.46521e-05
446	8.43376e-05
447	8.40245e-05
448	8.37129e-05
449	8.34027e-05
450	8.30939e-05
451	8.27866e-05
452	8.24806e-05
453	8.21761e-05
454	8.1873e-05
455	8.15712e-05
456	8.12708e-05
457	8.09718e-05
458	8.06741e-05
459	8.03778e-05
460	8.00829e-05
461	7.97892e-05
462	7.94969e-05
463	7.92059e-05
464	7.89162e-05
465	7.86278e-05
466	7.83407e-05
467	7.80549e-05
468	7.77704e-05
469	7.74871e-05
470	7.72051e-05
471	7.69244e-05
472	7.66449e-05
473	7.63666e-05
474	7.60896e-05
475	7.58138e-05
476	7.55392e-05
477	7.52658e-05
478	7.49937e-05
479	7.47227e-05
480	7.44529e-05
481	7.41843e-05
482	7.39168e-05
483	7.36506e-05
484	7.33855e-05
485	7.31215e-05
486	7.28587e-05
487	7.25971e-05
488	7.23365e-05
489	7.20771e-05
490	7.18188e-05
491	7.15617e-05
492	7.13056e-05
493	7.10507e-05
494	7.07968e-05
495	7.0544e-05
496	7.02923e-05
497	7.00417e-05
498	6.97922e-05
499	6.95437e-05
500	6.92963e-05
501	6.90499e-05
502	6.88046e-05
503	6.85604e-05
504	6.83171e-05
505	6.80749e-05
506	6.78337e-05
507	6.75935e-05
508	6.73544e-05
509	6.71162e-05
510	6.68791e-05
511	6.66429e-05
512	6.64078e-05
513	6.61736e-05
514	6.59404e-05
515	6.57082e-05
516	6.54769e-05
517	6.52466e-05
518	6.50173e-05
519	6.47889e-05
520	6.45614e-05
521	6.43349e-05
522	6.41094e-05
523	6.38848e-05
524	6.3661e-05
525	6.34383e-05
526	6.32164e-05
527	6.29955e-05
528	6.27754e-05
529	6.25563e-05
530	6.2338e-05
531	6.21207e-05
532	6.19042e-05
533	6.16886e-05
534	6.14739e-05
535	6.12601e-05
536	6.10471e-05
537	6.0835e-05
538	6.06238e-05
539	6.04134e-05
540	6.02039e-05
541	5.99952e-05
542	5.97874e-05
543	5.95804e-05
544	5.93742e-05
545	5.91688e-05
546	5.89643e-05
547	5.87606e-05
548	5.85578e-05
549	5.83557e-05
550	5.81544e-05
551	5.7954e-05
552	5.77543e-05
553	5.75554e-05
554	5.73574e-05
555	5.71601e-05
556	5.69636e-05
557	5.67679e-05
558	5.65729e-05
559	5.63788e-05
560	5.61853e-05
561	5.59927e-05
562	5.58008e-05
563	5.56097e-05
564	5.54193e-05
565	5.52297e-05
566	5.50408e-05
567	5.48527e-05
568	5.46652e-05
569	5.44786e-05
570	5.42926e-05
571	5.41074e-05
572	5.39229e-05
573	5.37391e-05
574	5.35561e-05
575	5.33737e-05
576	5.31921e-05
577	5.30112e-05
578	5.28309e-05
579	5.26514e-05
580	5.24725e-05
581	5.22944e-05
582	5.21169e-05
583	5.19402e-05
584	5.17641e-05
585	5.15886e-05
586	5.14139e-05
587	5.12398e-05
588	5.10664e-05
589	5.08937e-05
590	5.07216e-05
591	5.05502e-05
592	5.03794e-05
593	5.02093e-05
594	5.00398e-05
595	4.9871e-05
596	4.97028e-05
597	4.95353e-05
598	4.93684e-05
599	4.92021e-05
600	4.90365e-05
601	4.88715e-05
602	4.87071e-05
603	4.85433e-05
604	4.83802e-05
605	4.82177e-05
606	4.80557e-05
607	4.78944e-05
608	4.77337e-05
609	4.75736e-05
610	4.74141e-05
611	4.72553e-05
612	4.7097e-05
613	4.69393e-05
614	4.67821e-05
615	4.66256e-05
616	4.64697e-05
617	4.63143e-05
618	4.61595e-05
619	4.60053e-05
620	4.58517e-05
621	4.56986e-05
622	4.55462e-05
623	4.53942e-05
624	4.52429e-05
625	4.50921e-05
626	4.49418e-05
627	4.47922e-05
628	4.4643e-05
629	4.44945e-05
630	4.43464e-05
631	4.4199e-05
632	4.4052e-05
633	4.39056e-05
634	4.37598e-05
635	4.36144e-05
636	4.34697e-05
637	4.33254e-05
638	4.31817e-05
639	4.30385e-05
640	4.28958e-05
641	4.27537e-05
642	4.2612e-05
643	4.24709e-05
644	4.23303e-05
645	4.21902e-05
646	4.20506e-05
647	4.19116e-05
648	4.1773e-05
649	4.1635e-05
650	4.14974e-05
651	4.13603e-05
652	4.12238e-05
653	4.10877e-05
654	4.09521e-05
655	4.08171e-05
656	4.06825e-05
657	4.05484e-05
658	4.04148e-05
659	4.02816e-05
660	4.0149e-05
661	4.00168e-05
662	3.98851e-05
663	3.97538e-05
664	3.96231e-05
665	3.94928e-05
666	3.9363e-05
667	3.92336e-05
668	3.91047e-05
669	3.89763e-05
670	3.88483e-05
671	3.87208e-05
672	3.85938e-05
673	3.84672e-05
674	3.8341e-05
675	3.82153e-05
676	3.80901e-05
677	3.79653e-05
678	3.78409e-05
679	3.7717e-05
680	3.75935e-05
681	3.74705e-05
682	3.73479e-05
683	3.72257e-05
684	3.7104e-05
685	3.69827e-05
686	3.68619e-05
687	3.67414e-05
688	3.66214e-05
689	3.65018e-05
690	3.63826e-05
691	3.62639e-05
692	3.61456e-05
693	3.60277e-05
694	3.59102e-05
695	3.57931e-05
696	3.56764e-05
697	3.55602e-05
698	3.54443e-05
699	3.53289e-05
700	3.52138e-05
701	3.50992e-05
702	3.4985e-05
703	3.48712e-05
704	3.47577e-05
705	3.46447e-05
706	3.45321e-05
707	3.44198e-05
708	3.4308e-05
709	3.41965e-05
710	3.40854e-05
711	3.39747e-05
712	3.38645e-05
713	3.37545e-05
714	3.3645e-05
715	3.35359e-05
716	3.34271e-05
717	3.33187e-05
718	3.32107e-05
719	3.3103e-05
720	3.29958e-05
721	3.28889e-05
722	3.27824e-05
723	3.26762e-05
724	3.25704e-05
725	3.2465e-05
726	3.236e-05
727	3.22553e-05
728	3.21509e-05
729	3.2047e-05
730	3.19434e-05
731	3.18401e-05
732	3.17372e-05
733	3.16347e-05
734	3.15325e-05
735	3.14306e-05
736	3.13292e-05
737	3.1228e-05
738	3.11272e-05
739	3.10268e-05
740	3.09267e-05
741	3.08269e-05
742	3.07275e-05
743	3.06285e-05
744	3.05297e-05
745	3.04313e-05
746	3.03333e-05
747	3.02356e-05
748	3.01382e-05
749	3.00411e-05
750	2.99444e-05
751	2.9848e-05
752	2.9752e-05
753	2.96562e-05
754	2.95608e-05
755	2.94657e-05
756	2.9371e-05
757	2.92766e-05
758	2.91824e-05
759	2.90886e-05
760	2.89952e-05
761	2.8902e-05
762	2.88092e-05
763	2.87167e-05
764	2.86245e-05
765	2.85326e-05
766	2.8441e-05
767	2.83497e-05
768	2.82587e-05
769	2.81681e-05
770	2.80777e-05
771	2.79877e-05
772	2.7898e-05
773	2.78085e-05
774	2.77194e-05
775	2.76306e-05
776	2.7542e-05
777	2.74538e-05
778	2.73659e-05
779	2.72782e-05
780	2.71909e-05
781	2.71038e-05
782	2.70171e-05
783	2.69306e-05
784	2.68445e-05
785	2.67586e-05
786	2.6673e-05
787	2.65877e-05
788	2.65027e-05
789	2.64179e-05
790	2.63335e-05
791	2.62493e-05
792	2.61654e-05
793	2.60818e-05
794	2.59985e-05
795	2.59155e-05
796	2.58327e-05
797	2.57502e-05
798	2.5668e-05
799	2.55861e-05
800	2.55044e-05
801	2.54231e-05
802	2.53419e-05
803	2.52611e-05
804	2.51805e-05
805	2.51002e-05
806	2.50202e-05
807	2.49404e-05
808	2.48609e-05
809	2.47817e-05
810	2.47027e-05
811	2.4624e-05
812	2.45456e-05
813	2.44674e-05
814	2.43895e-05
815	2.43118e-05
816	2.42344e-05
817	2.41572e-05
818	2.40803e-05
819	2.40037e-05
820	2.39273e-05
821	2.38512e-05
822	2.37753e-05
823	2.36997e-05
824	2.36243e-05
825	2.35492e-05
826	2.34743e-05
827	2.33997e-05
828	2.33253e-05
829	2.32512e-05
830	2.31773e-05
831	2.31036e-05
832	2.30302e-05
833	2.29571e-05
834	2.28842e-05
835	2.28115e-05
836	2.27391e-05
837	2.26669e-05
838	2.25949e-05
839	2.25232e-05
840	2.24517e-05
841	2.23805e-05
842	2.23095e-05
843	2.22387e-05
844	2.21681e-05
845	2.20978e-05
846	2.20277e-05
847	2.19579e-05
848	2.18883e-05
849	2.18189e-05
850	2.17497e-05
851	2.16808e-05
852	2.16121e-05
853	2.15436e-05
854	2.14753e-05
855	2.14073e-05
856	2.13395e-05
857	2.12719e-05
858	2.12046e-05
859	2.11374e-05
860	2.10705e-05
861	2.10038e-05
862	2.09373e-05
863	2.0871e-05
864	2.0805e-05
865	2.07392e-05
866	2.06735e-05
867	2.06081e-05
868	2.05429e-05
869	2.0478e-05
870	2.04132e-05
871	2.03487e-05
872	2.02843e-05
873	2.02202e-05
874	2.01563e-05
875	2.00926e-05
876	2.00291e-05
877	1.99658e-05
878	1.99027e-05
879	1.98398e-05
880	1.97771e-05
881	1.97146e-05
882	1.96524e-05
883	1.95903e-05
884	1.95284e-05
885	1.94668e-05
886	1.94053e-05
887	1.93441e-05
888	1.9283e-05
889	1.92221e-05
890	1.91615e-05
891	1.9101e-05
892	1.90407e-05
893	1.89807e-05
894	1.89208e-05
895	1.88611e-05
896	1.88016e-05
897	1.87423e-05
898	1.86832e-05
899	1.86243e-05
900	1.85656e-05
901	1.8507e-05
902	1.84487e-05
903	1.83906e-05
904	1.83326e-05
905	1.82748e-05
906	1.82172e-05
907	1.81598e-05
908	1.81026e-05
909	1.80456e-05
910	1.79887e-05
911	1.79321e-05
912	1.78756e-05
913	1.78193e-05
914	1.77632e-05
915	1.77073e-05
916	1.76515e-05
917	1.7596e-05
918	1.75406e-05
919	1.74854e-05
920	1.74303e-05
921	1.73755e-05
922	1.73208e-05
923	1.72663e-05
924	1.7212e-05
925	1.71578e-05
926	1.71039e-05
927	1.70501e-05
928	1.69964e-05
929	1.6943e-05
930	1.68897e-05
931	1.68366e-05
932	1.67837e-05
933	1.67309e-05
934	1.66783e-05
935	1.66259e-05
936	1.65736e-05
937	1.65215e-05
938	1.64696e-05
939	1.64178e-05
940	1.63663e-05
941	1.63148e-05
942	1.62636e-05
943	1.62125e-05
944	1.61616e-05
945	1.61108e-05
946	1.60602e-05
947	1.60098e-05
948	1.59595e-05
949	1.59094e-05
950	1.58594e-05
951	1.58096e-05
952	1.576e-05
953	1.57105e-05
954	1.56612e-05
955	1.56121e-05
956	1.55631e-05
957	1.55142e-05
958	1.54656e-05
959	1.5417e-05
960	1.53687e-05
961	1.53204e-05
962	1.52724e-05
963	1.52245e-05
964	1.51767e-05
965	1.51291e-05
966	1.50817e-05
967	1.50344e-05
968	1.49872e-05
969	1.49402e-05
970	1.48934e-05
971	1.48467e-05
972	1.48002e-05
973	1.47538e-05
974	1.47075e-05
975	1.46614e-05
976	1.46155e-05
977	1.45697e-05
978	1.4524e-05
979	1.44785e-05
980	1.44331e-05
981	1.43879e-05
982	1.43429e-05
983	1.42979e-05
984	1.42531e-05
985	1.42085e-05
986	1.4164e-05
987	1.41196e-05
988	1.40754e-05
989	1.40313e-05
990	1.39874e-05
991	1.39436e-05
992	1.38999e-05
993	1.38564e-05
994	1.38131e-05
995	1.37698e-05
996	1.37267e-05
997	1.36838e-05
998	1.36409e-05
999	1.35982e-05
1000	1.35557e-05
1001	1.35133e-05
1002	1.3471e-05
1003	1.34288e-05
1004	1.33868e-05
1005	1.33449e-05
1006	1.33032e-05
1007	1.32616e-05
1008	1.32201e-05
1009	1.31787e-05
1010	1.31375e-05
1011	1.30964e-05
1012	1.30555e-05
1013	1.30147e-05
1014	1.2974e-05
1015	1.29334e-05
1016	1.2893e-05
1017	1.28527e-05
1018	1.28125e-05
1019	1.27724e-05
1020	1.27325e-05
1021	1.26927e-05
1022	1.2653e-05
1023	1.26135e-05
1024	1.25741e-05
1025	1.25348e-05
1026	1.24956e-05
1027	1.24566e-05
1028	1.24176e-05
1029	1.23788e-05
1030	1.23402e-05
1031	1.23016e-05
1032	1.22632e-05
1033	1.22249e-05
1034	1.21867e-05
1035	1.21486e-05
1036	1.21107e-05
1037	1.20729e-05
1038	1.20352e-05
1039	1.19976e-05
1040	1.19601e-05
1041	1.19228e-05
1042	1.18855e-05
1043	1.18484e-05
1044	1.18114e-05
1045	1.17746e-05
1046	1.17378e-05
1047	1.17012e-05
1048	1.16646e-05
1049	1.16282e-05
1050	1.15919e-05
1051	1.15558e-05
1052	1.15197e-05
1053	1.14837e-05
1054	1.14479e-05
1055	1.14122e-05
1056	1.13766e-05
1057	1.13411e-05
1058	1.13057e-05
1059	1.12704e-05
1060	1.12353e-05
1061	1.12002e-05
1062	1.11653e-05
1063	1.11304e-05
1064	1.10957e-05
1065	1.10611e-05
1066	1.10266e-05
1067	1.09922e-05
1068	1.09579e-05
1069	1.09238e-05
1070	1.08897e-05
1071	1.08558e-05
1072	1.08219e-05
1073	1.07882e-05
1074	1.07545e-05
1075	1.0721e-05
1076	1.06876e-05
1077	1.06543e-05
1078	1.0621e-05
1079	1.05879e-05
1080	1.05549e-05
1081	1.0522e-05
1082	1.04892e-05
1083	1.04565e-05
1084	1.0424e-05
1085	1.03915e-05
1086	1.03591e-05
1087	1.03268e-05
1088	1.02946e-05
1089	1.02625e-05
1090	1.02306e-05
1091	1.01987e-05
1092	1.01669e-05
1093	1.01352e-05
1094	1.01037e-05
1095	1.00722e-05
1096	1.00408e-05
1097	1.00095e-05
1098	9.97837e-06
1099	9.94729e-06
1100	9.9163e-06
1101	9.88542e-06
1102	9.85463e-06
1103	9.82394e-06
1104	9.79335e-06
1105	9.76285e-06
1106	9.73245e-06
1107	9.70215e-06
1108	9.67194e-06
1109	9.64182e-06
1110	9.6118e-06
1111	9.58188e-06
1112	9.55204e-06
1113	9.52231e-06
1114	9.49266e-06
1115	9.46311e-06
1116	9.43366e-06
1117	9.40429e-06
1118	9.37502e-06
1119	9.34584e-06
1120	9.31675e-06
1121	9.28776e-06
1122	9.25885e-06
1123	9.23004e-06
1124	9.20131e-06
1125	9.17268e-06
1126	9.14414e-06
1127	9.11568e-06
1128	9.08732e-06
1129	9.05904e-06
1130	9.03086e-06
1131	9.00276e-06
1132	8.97475e-06
1133	8.94683e-06
1134	8.919e-06
1135	8.89125e-06
1136	8.86359e-06
1137	8.83602e-06
1138	8.80854e-06
1139	8.78114e-06
1140	8.75383e-06
1141	8.7266e-06
1142	8.69946e-06
1143	8.6724e-06
1144	8.64543e-06
1145	8.61855e-06
1146	8.59175e-06
1147	8.56503e-06
1148	8.53839e-06
1149	8.51184e-06
1150	8.48538e-06
1151	8.45899e-06
1152	8.43269e-06
1153	8.40647e-06
1154	8.38034e-06
1155	8.35428e-06
1156	8.32831e-06
1157	8.30242e-06
1158	8.27661e-06
1159	8.25088e-06
1160	8.22524e-06
1161	8.19967e-06
1162	8.17418e-06
1163	8.14878e-06
1164	8.12345e-06
1165	8.0982e-06
1166	8.07303e-06
1167	8.04794e-06
1168	8.02293e-06
1169	7.998e-06
1170	7.97314e-06
1171	7.94837e-06
1172	7.92367e-06
1173	7.89905e-06
1174	7.8745e-06
1175	7.85003e-06
1176	7.82564e-06
1177	7.80133e-06
1178	7.77709e-06
1179	7.75293e-06
1180	7.72884e-06
1181	7.70483e-06
1182	7.6809e-06
1183	7.65704e-06
1184	7.63325e-06
1185	7.60954e-06
1186	7.5859e-06
1187	7.56234e-06
1188	7.53885e-06
1189	7.51543e-06
1190	7.49209e-06
1191	7.46882e-06
1192	7.44562e-06
1193	7.4225e-06
1194	7.39945e-06
1195	7.37647e-06
1196	7.35356e-06
1197	7.33073e-06
1198	7.30796e-06
1199	7.28527e-06
1200	7.26265e-06
1201	7.2401e-06
1202	7.21762e-06
1203	7.19521e-06
1204	7.17287e-06
1205	7.15059e-06
1206	7.12839e-06
1207	7.10626e-06
1208	7.0842e-06
1209	7.06221e-06
1210	7.04028e-06
1211	7.01843e-06
1212	6.99664e-06
1213	6.97492e-06
1214	6.95327e-06
1215	6.93169e-06
1216	6.91017e-06
1217	6.88872e-06
1218	6.86734e-06
1219	6.84603e-06
1220	6.82478e-06
1221	6.8036e-06
1222	6.78248e-06
1223	6.76143e-06
1224	6.74045e-06
1225	6.71953e-06
1226	6.69868e-06
1227	6.67789e-06
1228	6.65717e-06
1229	6.63651e-06
1230	6.61592e-06
1231	6.59539e-06
1232	6.57492e-06
1233	6.55452e-06
1234	6.53419e-06
1235	6.51391e-06
1236	6.4937e-06
1237	6.47356e-06
1238	6.45347e-06
1239	6.43345e-06
1240	6.41349e-06
1241	6.39359e-06
1242	6.37376e-06
1243	6.35399e-06
1244	6.33428e-06
1245	6.31463e-06
1246	6.29504e-06
1247	6.27551e-06
1248	6.25605e-06
1249	6.23664e-06
1250	6.2173e-06
1251	6.19801e-06
1252	6.17879e-06
1253	6.15963e-06
1254	6.14052e-06
1255	6.12148e-06
1256	6.10249e-06
1257	6.08357e-06
1258	6.0647e-06
1259	6.04589e-06
1260	6.02714e-06
1261	6.00845e-06
1262	5.98982e-06
1263	5.97125e-06
1264	5.95273e-06
1265	5.93427e-06
1266	5.91587e-06
1267	5.89753e-06
1268	5.87924e-06
1269	5.86101e-06
1270	5.84284e-06
1271	5.82472e-06
1272	5.80667e-06
1273	5.78866e-06
1274	5.77072e-06
1275	5.75283e-06
1276	5.73499e-06
1277	5.71721e-06
1278	5.69949e-06
1279	5.68182e-06
1280	5.66421e-06
1281	5.64665e-06
1282	5.62914e-06
1283	5.61169e-06
1284	5.5943e-06
1285	5.57696e-06
1286	5.55967e-06
1287	5.54244e-06
1288	5.52526e-06
1289	5.50813e-06
1290	5.49106e-06
1291	5.47404e-06
1292	5.45708e-06
1293	5.44016e-06
1294	5.4233e-06
1295	5.4065e-06
1296	5.38974e-06
1297	5.37304e-06
1298	5.35639e-06
1299	5.33979e-06
1300	5.32324e-06
1301	5.30674e-06
1302	5.2903e-06
1303	5.2739e-06
1304	5.25756e-06
1305	5.24127e-06
1306	5.22503e-06
1307	5.20884e-06
1308	5.1927e-06
1309	5.17661e-06
1310	5.16057e-06
1311	5.14458e-06
1312	5.12864e-06
1313	5.11275e-06
1314	5.09691e-06
1315	5.08112e-06
1316	5.06538e-06
1317	5.04969e-06
1318	5.03404e-06
1319	5.01845e-06
1320	5.0029e-06
1321	4.9874e-06
1322	4.97195e-06
1323	4.95655e-06
1324	4.94119e-06
1325	4.92589e-06
1326	4.91063e-06
1327	4.89542e-06
1328	4.88025e-06
1329	4.86514e-06
1330	4.85007e-06
1331	4.83504e-06
1332	4.82007e-06
1333	4.80514e-06
1334	4.79026e-06
1335	4.77542e-06
1336	4.76063e-06
1337	4.74588e-06
1338	4.73118e-06
1339	4.71653e-06
1340	4.70192e-06
1341	4.68736e-06
1342	4.67285e-06
1343	4.65837e-06
1344	4.64395e-06
1345	4.62957e-06
1346	4.61523e-06
1347	4.60094e-06
1348	4.58669e-06
1349	4.57249e-06
1350	4.55833e-06
1351	4.54421e-06
1352	4.53014e-06
1353	4.51611e-06
1354	4.50213e-06
1355	4.48819e-06
1356	4.47429e-06
1357	4.46044e-06
1358	4.44663e-06
1359	4.43286e-06
1360	4.41913e-06
1361	4.40545e-06
1362	4.39181e-06
1363	4.37821e-06
1364	4.36466e-06
1365	4.35115e-06
1366	4.33767e-06
1367	4.32425e-06
1368	4.31086e-06
1369	4.29751e-06
1370	4.28421e-06
1371	4.27094e-06
1372	4.25772e-06
1373	4.24454e-06
1374	4.2314e-06
1375	4.2183e-06
1376	4.20525e-06
1377	4.19223e-06
1378	4.17925e-06
1379	4.16631e-06
1380	4.15342e-06
1381	4.14056e-06
1382	4.12774e-06
1383	4.11497e-06
1384	4.10223e-06
1385	4.08953e-06
1386	4.07688e-06
1387	4.06426e-06
1388	4.05168e-06
1389	4.03914e-06
1390	4.02664e-06
1391	4.01417e-06
1392	4.00175e-06
1393	3.98936e-06
1394	3.97702e-06
1395	3.96471e-06
1396	3.95244e-06
1397	3.94021e-06
1398	3.92801e-06
1399	3.91586e-06
1400	3.90374e-06
1401	3.89166e-06
1402	3.87961e-06
1403	3.86761e-06
1404	3.85564e-06
1405	3.84371e-06
1406	3.83181e-06
1407	3.81996e-06
1408	3.80813e-06
1409	3.79635e-06
1410	3.7846e-06
1411	3.77289e-06
1412	3.76122e-06
1413	3.74958e-06
1414	3.73798e-06
1415	3.72641e-06
1416	3.71488e-06
1417	3.70339e-06
1418	3.69193e-06
1419	3.6805e-06
1420	3.66912e-06
1421	3.65776e-06
1422	3.64645e-06
1423	3.63517e-06
1424	3.62392e-06
1425	3.61271e-06
1426	3.60153e-06
1427	3.59039e-06
1428	3.57928e-06
1429	3.56821e-06
1430	3.55717e-06
1431	3.54616e-06
1432	3.53519e-06
1433	3.52425e-06
1434	3.51335e-06
1435	3.50248e-06
1436	3.49165e-06
1437	3.48085e-06
1438	3.47008e-06
1439	3.45934e-06
1440	3.44864e-06
1441	3.43797e-06
1442	3.42734e-06
1443	3.41674e-06
1444	3.40617e-06
1445	3.39563e-06
1446	3.38513e-06
1447	3.37466e-06
1448	3.36422e-06
1449	3.35381e-06
1450	3.34344e-06
1451	3.3331e-06
1452	3.32279e-06
1453	3.31251e-06
1454	3.30226e-06
1455	3.29205e-06
1456	3.28187e-06
1457	3.27172e-06
1458	3.2616e-06
1459	3.25151e-06
1460	3.24145e-06
1461	3.23143e-06
1462	3.22143e-06
1463	3.21147e-06
1464	3.20154e-06
1465	3.19164e-06
1466	3.18177e-06
1467	3.17193e-06
1468	3.16212e-06
1469	3.15234e-06
1470	3.14259e-06
1471	3.13287e-06
1472	3.12318e-06
1473	3.11352e-06
1474	3.10389e-06
1475	3.0943e-06
1476	3.08473e-06
1477	3.07519e-06
1478	3.06568e-06
1479	3.0562e-06
1480	3.04675e-06
1481	3.03733e-06
1482	3.02793e-06
1483	3.01857e-06
1484	3.00924e-06
1485	2.99993e-06
1486	2.99065e-06
1487	2.98141e-06
1488	2.97219e-06
1489	2.963e-06
1490	2.95384e-06
1491	2.9447e-06
1492	2.9356e-06
1493	2.92652e-06
1494	2.91747e-06
1495	2.90845e-06
1496	2.89946e-06
1497	2.89049e-06
1498	2.88156e-06
1499	2.87265e-06
1500	2.86377e-06
1501	2.85491e-06
1502	2.84608e-06
1503	2.83729e-06
1504	2.82851e-06
1505	2.81977e-06
1506	2.81105e-06
1507	2.80236e-06
1508	2.7937e-06
1509	2.78506e-06
1510	2.77645e-06
1511	2.76786e-06
1512	2.75931e-06
1513	2.75078e-06
1514	2.74227e-06
1515	2.7338e-06
1516	2.72534e-06
1517	2.71692e-06
1518	2.70852e-06
1519	2.70015e-06
1520	2.6918e-06
1521	2.68348e-06
1522	2.67518e-06
1523	2.66691e-06
1524	2.65867e-06
1525	2.65045e-06
1526	2.64226e-06
1527	2.63409e-06
1528	2.62595e-06
1529	2.61783e-06
1530	2.60974e-06
1531	2.60167e-06
1532	2.59363e-06
1533	2.58561e-06
1534	2.57762e-06
1535	2.56965e-06
1536	2.56171e-06
1537	2.55379e-06
1538	2.5459e-06
1539	2.53803e-06
1540	2.53018e-06
1541	2.52236e-06
1542	2.51457e-06
1543	2.50679e-06
1544	2.49905e-06
1545	2.49132e-06
1546	2.48362e-06
1547	2.47594e-06
1548	2.46829e-06
1549	2.46066e-06
1550	2.45306e-06
1551	2.44548e-06
1552	2.43792e-06
1553	2.43038e-06
1554	2.42287e-06
1555	2.41538e-06
1556	2.40792e-06
1557	2.40048e-06
1558	2.39306e-06
1559	2.38566e-06
1560	2.37829e-06
1561	2.37094e-06
1562	2.36361e-06
1563	2.35631e-06
1564	2.34902e-06
1565	2.34177e-06
1566	2.33453e-06
1567	2.32731e-06
1568	2.32012e-06
1569	2.31295e-06
1570	2.3058e-06
1571	2.29868e-06
1572	2.29157e-06
1573	2.28449e-06
1574	2.27743e-06
1575	2.27039e-06
1576	2.26338e-06
1577	2.25638e-06
1578	2.24941e-06
1579	2.24246e-06
1580	2.23553e-06
1581	2.22862e-06
1582	2.22174e-06
1583	2.21487e-06
1584	2.20803e-06
1585	2.2012e-06
1586	2.1944e-06
1587	2.18762e-06
1588	2.18086e-06
1589	2.17412e-06
1590	2.1674e-06
1591	2.16071e-06
1592	2.15403e-06
1593	2.14738e-06
1594	2.14074e-06
1595	2.13413e-06
1596	2.12753e-06
1597	2.12096e-06
1598	2.1144e-06
1599	2.10787e-06
1600	2.10136e-06
1601	2.09487e-06
1602	2.08839e-06
1603	2.08194e-06
1604	2.07551e-06
1605	2.06909e-06
1606	2.0627e-06
1607	2.05633e-06
1608	2.04997e-06
1609	2.04364e-06
1610	2.03733e-06
1611	2.03103e-06
1612	2.02476e-06
1613	2.0185e-06
1614	2.01227e-06
1615	2.00605e-06
1616	1.99985e-06
1617	1.99367e-06
1618	1.98751e-06
1619	1.98137e-06
1620	1.97525e-06
1621	1.96915e-06
1622	1.96306e-06
1623	1.957e-06
1624	1.95095e-06
1625	1.94493e-06
1626	1.93892e-06
1627	1.93293e-06
1628	1.92696e-06
1629	1.921e-06
1630	1.91507e-06
1631	1.90915e-06
1632	1.90325e-06
1633	1.89738e-06
1634	1.89151e-06
1635	1.88567e-06
1636	1.87984e-06
1637	1.87404e-06
1638	1.86825e-06
1639	1.86248e-06
1640	1.85672e-06
1641	1.85099e-06
1642	1.84527e-06
1643	1.83957e-06
1644	1.83389e-06
1645	1.82822e-06
1646	1.82257e-06
1647	1.81694e-06
1648	1.81133e-06
1649	1.80574e-06
1650	1.80016e-06
1651	1.7946e-06
1652	1.78905e-06
1653	1.78353e-06
1654	1.77802e-06
1655	1.77253e-06
1656	1.76705e-06
1657	1.76159e-06
1658	1.75615e-06
1659	1.75073e-06
1660	1.74532e-06
1661	1.73993e-06
1662	1.73455e-06
1663	1.7292e-06
1664	1.72385e-06
1665	1.71853e-06
1666	1.71322e-06
1667	1.70793e-06
1668	1.70265e-06
1669	1.6974e-06
1670	1.69215e-06
1671	1.68693e-06
1672	1.68172e-06
1673	1.67652e-06
1674	1.67134e-06
1675	1.66618e-06
1676	1.66103e-06
1677	1.6559e-06
1678	1.65079e-06
1679	1.64569e-06
1680	1.64061e-06
1681	1.63554e-06
1682	1.63049e-06
1683	1.62545e-06
1684	1.62043e-06
1685	1.61543e-06
1686	1.61044e-06
1687	1.60546e-06
1688	1.60051e-06
1689	1.59556e-06
1690	1.59064e-06
1691	1.58572e-06
1692	1.58083e-06
1693	1.57594e-06
1694	1.57108e-06
1695	1.56622e-06
1696	1.56139e-06
1697	1.55656e-06
1698	1.55176e-06
1699	1.54696e-06
1700	1.54219e-06
1701	1.53742e-06
1702	1.53268e-06
1703	1.52794e-06
1704	1.52322e-06
1705	1.51852e-06
1706	1.51383e-06
1707	1.50915e-06
1708	1.50449e-06
1709	1.49985e-06
1710	1.49522e-06
1711	1.4906e-06
1712	1.48599e-06
1713	1.48141e-06
1714	1.47683e-06
1715	1.47227e-06
1716	1.46772e-06
1717	1.46319e-06
1718	1.45867e-06
1719	1.45417e-06
1720	1.44968e-06
1721	1.4452e-06
1722	1.44074e-06
1723	1.43629e-06
1724	1.43185e-06
1725	1.42743e-06
1726	1.42302e-06
1727	1.41863e-06
1728	1.41425e-06
1729	1.40988e-06
1730	1.40553e-06
1731	1.40119e-06
1732	1.39686e-06
1733	1.39255e-06
1734	1.38825e-06
1735	1.38396e-06
1736	1.37969e-06
1737	1.37543e-06
1738	1.37118e-06
1739	1.36694e-06
1740	1.36272e-06
1741	1.35851e-06
1742	1.35432e-06
1743	1.35014e-06
1744	1.34597e-06
1745	1.34181e-06
1746	1.33767e-06
1747	1.33354e-06
1748	1.32942e-06
1749	1.32532e-06
1750	1.32122e-06
1751	1.31714e-06
1752	1.31308e-06
1753	1.30902e-06
1754	1.30498e-06
1755	1.30095e-06
1756	1.29693e-06
1757	1.29293e-06
1758	1.28894e-06
1759	1.28496e-06
1760	1.28099e-06
1761	1.27703e-06
1762	1.27309e-06
1763	1.26916e-06
1764	1.26524e-06
1765	1.26134e-06
1766	1.25744e-06
1767	1.25356e-06
1768	1.24969e-06
1769	1.24583e-06
1770	1.24198e-06
1771	1.23815e-06
1772	1.23432e-06
1773	1.23051e-06
1774	1.22671e-06
1775	1.22293e-06
1776	1.21915e-06
1777	1.21539e-06
1778	1.21163e-06
1779	1.20789e-06
1780	1.20416e-06
1781	1.20045e-06
1782	1.19674e-06
1783	1.19304e-06
1784	1.18936e-06
1785	1.18569e-06
1786	1.18203e-06
1787	1.17838e-06
1788	1.17474e-06
1789	1.17111e-06
1790	1.1675e-06
1791	1.16389e-06
1792	1.1603e-06
1793	1.15672e-06
1794	1.15315e-06
1795	1.14959e-06
1796	1.14604e-06
1797	1.1425e-06
1798	1.13897e-06
1799	1.13545e-06
1800	1.13195e-06
1801	1.12845e-06
1802	1.12497e-06
1803	1.1215e-06
1804	1.11804e-06
1805	1.11458e-06
1806	1.11114e-06
1807	1.10771e-06
1808	1.10429e-06
1809	1.10088e-06
1810	1.09748e-06
1811	1.0941e-06
1812	1.09072e-06
1813	1.08735e-06
1814	1.08399e-06
1815	1.08065e-06
1816	1.07731e-06
1817	1.07399e-06
1818	1.07067e-06
1819	1.06736e-06
1820	1.06407e-06
1821	1.06078e-06
1822	1.05751e-06
1823	1.05424e-06
1824	1.05099e-06
1825	1.04775e-06
1826	1.04451e-06
1827	1.04129e-06
1828	1.03807e-06
1829	1.03487e-06
1830	1.03167e-06
1831	1.02849e-06
1832	1.02531e-06
1833	1.02215e-06
1834	1.01899e-06
1835	1.01585e-06
1836	1.01271e-06
1837	1.00958e-06
1838	1.00647e-06
1839	1.00336e-06
1840	1.00026e-06
1841	9.97176e-07
1842	9.94097e-07
1843	9.91028e-07
1844	9.87969e-07
1845	9.84919e-07
1846	9.81879e-07
1847	9.78848e-07
1848	9.75826e-07
1849	9.72814e-07
1850	9.69811e-07
1851	9.66817e-07
1852	9.63833e-07
1853	9.60857e-07
1854	9.57891e-07
1855	9.54934e-07
1856	9.51987e-07
1857	9.49048e-07
1858	9.46118e-07
1859	9.43198e-07
1860	9.40286e-07
1861	9.37384e-07
1862	9.3449e-07
1863	9.31606e-07
1864	9.2873e-07
1865	9.25863e-07
1866	9.23005e-07
1867	9.20156e-07
1868	9.17316e-07
1869	9.14484e-07
1870	9.11661e-07
1871	9.08847e-07
1872	9.06042e-07
1873	9.03245e-07
1874	9.00457e-07
1875	8.97677e-07
1876	8.94906e-07
1877	8.92144e-07
1878	8.8939e-07
1879	8.86645e-07
1880	8.83908e-07
1881	8.8118e-07
1882	8.7846e-07
1883	8.75748e-07
1884	8.73045e-07
1885	8.7035e-07
1886	8.67664e-07
1887	8.64985e-07
1888	8.62316e-07
1889	8.59654e-07
1890	8.57e-07
1891	8.54355e-07
1892	8.51718e-07
1893	8.49089e-07
1894	8.46468e-07
1895	8.43856e-07
1896	8.41251e-07
1897	8.38654e-07
1898	8.36066e-07
1899	8.33485e-07
1900	8.30912e-07
1901	8.28348e-07
1902	8.25791e-07
1903	8.23242e-07
1904	8.20701e-07
1905	8.18168e-07
1906	8.15643e-07
1907	8.13125e-07
1908	8.10615e-07
1909	8.08113e-07
1910	8.05619e-07
1911	8.03133e-07
1912	8.00654e-07
1913	7.98182e-07
1914	7.95719e-07
1915	7.93263e-07
1916	7.90814e-07
1917	7.88374e-07
1918	7.8594e-07
1919	7.83514e-07
1920	7.81096e-07
1921	7.78685e-07
1922	7.76282e-07
1923	7.73886e-07
1924	7.71497e-07
1925	7.69116e-07
1926	7.66742e-07
1927	7.64376e-07
1928	7.62017e-07
1929	7.59665e-07
1930	7.5732e-07
1931	7.54983e-07
1932	7.52653e-07
1933	7.5033e-07
1934	7.48014e-07
1935	7.45705e-07
1936	7.43404e-07
1937	7.41109e-07
1938	7.38822e-07
1939	7.36542e-07
1940	7.34268e-07
1941	7.32002e-07
1942	7.29743e-07
1943	7.27491e-07
1944	7.25245e-07
1945	7.23007e-07
1946	7.20776e-07
1947	7.18551e-07
1948	7.16333e-07
1949	7.14123e-07
1950	7.11919e-07
1951	7.09721e-07
1952	7.07531e-07
1953	7.05347e-07
1954	7.0317e-07
1955	7.01e-07
1956	6.98837e-07
1957	6.9668e-07
1958	6.9453e-07
1959	6.92386e-07
1960	6.9025e-07
1961	6.88119e-07
1962	6.85996e-07
1963	6.83878e-07
1964	6.81768e-07
1965	6.79664e-07
1966	6.77566e-07
1967	6.75475e-07
1968	6.7339e-07
1969	6.71312e-07
1970	6.6924e-07
1971	6.67175e-07
1972	6.65116e-07
1973	6.63063e-07
1974	6.61017e-07
1975	6.58977e-07
1976	6.56943e-07
1977	6.54916e-07
1978	6.52895e-07
1979	6.5088e-07
1980	6.48871e-07
1981	6.46868e-07
1982	6.44872e-07
1983	6.42882e-07
1984	6.40898e-07
1985	6.3892e-07
1986	6.36948e-07
1987	6.34983e-07
1988	6.33023e-07
1989	6.31069e-07
1990	6.29122e-07
1991	6.2718e-07
1992	6.25245e-07
1993	6.23315e-07
1994	6.21392e-07
1995	6.19474e-07
1996	6.17562e-07
1997	6.15656e-07
1998	6.13756e-07
1999	6.11862e-07
2000	6.09974e-07
2001	6.08092e-07
2002	6.06215e-07
2003	6.04344e-07
2004	6.02479e-07
2005	6.0062e-07
2006	5.98766e-07
2007	5.96919e-07
2008	5.95076e-07
2009	5.9324e-07
2010	5.91409e-07
2011	5.89584e-07
2012	5.87765e-07
2013	5.85951e-07
2014	5.84143e-07
2015	5.8234e-07
2016	5.80543e-07
2017	5.78751e-07
2018	5.76965e-07
2019	5.75185e-07
2020	5.7341e-07
2021	5.7164e-07
2022	5.69876e-07
2023	5.68118e-07
2024	5.66365e-07
2025	5.64617e-07
2026	5.62874e-07
2027	5.61137e-07
2028	5.59406e-07
2029	5.5768e-07
2030	5.55959e-07
2031	5.54243e-07
2032	5.52533e-07
2033	5.50828e-07
2034	5.49128e-07
2035	5.47433e-07
2036	5.45744e-07
2037	5.4406e-07
2038	5.42381e-07
2039	5.40707e-07
2040	5.39039e-07
2041	5.37375e-07
2042	5.35717e-07
2043	5.34064e-07
2044	5.32416e-07
2045	5.30773e-07
2046	5.29135e-07
2047	5.27502e-07
2048	5.25874e-07
2049	5.24251e-07
2050	5.22634e-07
2051	5.21021e-07
2052	5.19413e-07
2053	5.1781e-07
2054	5.16212e-07
2055	5.1462e-07
2056	5.13031e-07
2057	5.11448e-07
2058	5.0987e-07
2059	5.08297e-07
2060	5.06728e-07
2061	5.05165e-07
2062	5.03606e-07
2063	5.02052e-07
2064	5.00503e-07
2065	4.98958e-07
2066	4.97418e-07
2067	4.95884e-07
2068	4.94353e-07
2069	4.92828e-07
2070	4.91307e-07
2071	4.89791e-07
2072	4.8828e-07
2073	4.86773e-07
2074	4.85271e-07
2075	4.83773e-07
2076	4.82281e-07
2077	4.80793e-07
2078	4.79309e-07
2079	4.7783e-07
2080	4.76355e-07
2081	4.74886e-07
2082	4.7342e-07
2083	4.71959e-07
2084	4.70503e-07
2085	4.69051e-07
2086	4.67604e-07
2087	4.66161e-07
2088	4.64723e-07
2089	4.63289e-07
2090	4.61859e-07
2091	4.60434e-07
2092	4.59013e-07
2093	4.57597e-07
2094	4.56185e-07
2095	4.54777e-07
2096	4.53374e-07
2097	4.51975e-07
2098	4.5058e-07
2099	4.4919e-07
2100	4.47804e-07
2101	4.46422e-07
2102	4.45045e-07
2103	4.43671e-07
2104	4.42302e-07
2105	4.40937e-07
2106	4.39577e-07
2107	4.38221e-07
2108	4.36868e-07
2109	4.3552e-07
2110	4.34176e-07
2111	4.32837e-07
2112	4.31501e-07
2113	4.3017e-07
2114	4.28842e-07
2115	4.27519e-07
2116	4.262e-07
2117	4.24885e-07
2118	4.23574e-07
2119	4.22267e-07
2120	4.20964e-07
2121	4.19665e-07
2122	4.1837e-07
2123	4.17079e-07
2124	4.15792e-07
2125	4.14509e-07
2126	4.1323e-07
2127	4.11955e-07
2128	4.10684e-07
2129	4.09417e-07
2130	4.08154e-07
2131	4.06894e-07
2132	4.05639e-07
2133	4.04387e-07
2134	4.03139e-07
2135	4.01896e-07
2136	4.00656e-07
2137	3.99419e-07
2138	3.98187e-07
2139	3.96958e-07
2140	3.95733e-07
2141	3.94512e-07
2142	3.93295e-07
2143	3.92082e-07
2144	3.90872e-07
2145	3.89666e-07
2146	3.88463e-07
2147	3.87265e-07
2148	3.8607e-07
2149	3.84879e-07
2150	3.83691e-07
2151	3.82507e-07
2152	3.81327e-07
2153	3.80151e-07
2154	3.78978e-07
2155	3.77808e-07
2156	3.76643e-07
2157	3.7548e-07
2158	3.74322e-07
2159	3.73167e-07
2160	3.72016e-07
2161	3.70868e-07
2162	3.69723e-07
2163	3.68583e-07
2164	3.67445e-07
2165	3.66312e-07
2166	3.65181e-07
2167	3.64055e-07
2168	3.62931e-07
2169	3.61812e-07
2170	3.60695e-07
2171	3.59582e-07
2172	3.58473e-07
2173	3.57367e-07
2174	3.56264e-07
2175	3.55165e-07
2176	3.54069e-07
2177	3.52977e-07
2178	3.51888e-07
2179	3.50802e-07
2180	3.49719e-07
2181	3.4864e-07
2182	3.47565e-07
2183	3.46492e-07
2184	3.45423e-07
2185	3.44358e-07
2186	3.43295e-07
2187	3.42236e-07
2188	3.4118e-07
2189	3.40127e-07
2190	3.39078e-07
2191	3.38032e-07
2192	3.36989e-07
2193	3.35949e-07
2194	3.34912e-07
2195	3.33879e-07
2196	3.32849e-07
2197	3.31822e-07
2198	3.30798e-07
2199	3.29778e-07
2200	3.2876e-07
2201	3.27746e-07
2202	3.26735e-07
2203	3.25726e-07
2204	3.24721e-07
2205	3.2372e-07
2206	3.22721e-07
