15.0009
15.0028
15.0047
15.0066
15.0086
15.0106
15.0127
15.0149
15.0172
15.0195
15.022
15.0247
15.0275
15.0304
15.0336
15.037
15.0406
15.0444
15.0486
15.053
15.0578
15.063
15.0685
15.0745
15.081
15.088
15.0956
15.1038
15.1126
15.1222
15.1326
15.1439
15.1562
15.1696
15.1841
15.2
15.2173
15.2363
15.2571
15.2799
15.3051
15.3329
15.3639
15.3983
15.437
15.4807
15.5291
15.5815
15.6385
15.7006
15.7683
15.8429
15.9251
16.0161
16.117
16.2301
16.3592
16.506
16.6735
16.8684
17.0975
17.3699
17.6978
18.1045
18.6233
19.3031
20.2346
21.5763
23.7381
27.7328
37.0677
68.5801
146.493
15.0029
15.0086
15.0144
15.0203
15.0263
15.0325
15.0389
15.0456
15.0525
15.0598
15.0674
15.0755
15.084
15.0931
15.1028
15.1131
15.1241
15.136
15.1486
15.1623
15.1769
15.1927
15.2097
15.2281
15.2479
15.2693
15.2924
15.3175
15.3446
15.374
15.4058
15.4404
15.478
15.5189
15.5634
15.6119
15.6649
15.7229
15.7865
15.8564
15.9335
16.0187
16.1132
16.2188
16.3371
16.4707
16.6188
16.779
16.9533
17.1433
17.3504
17.5784
17.8298
18.108
18.4161
18.7617
19.1559
19.6041
20.1151
20.7095
21.4075
22.2363
23.2323
24.4649
26.032
28.0744
30.8481
34.7774
40.8768
51.1143
69.9367
108.458
148.207
15.005
15.0149
15.025
15.0352
15.0456
15.0563
15.0674
15.0789
15.0909
15.1035
15.1167
15.1307
15.1455
15.1612
15.178
15.1959
15.215
15.2354
15.2574
15.281
15.3064
15.3337
15.3632
15.3949
15.4292
15.4663
15.5064
15.5498
15.5967
15.6476
15.7028
15.7627
15.8278
15.8985
15.9756
16.0597
16.1515
16.2519
16.362
16.483
16.6164
16.7639
16.9276
17.1103
17.3151
17.5463
17.8026
18.0798
18.3813
18.7101
19.0682
19.4624
19.8969
20.3775
20.9095
21.5061
22.1858
22.9581
23.8374
24.8588
26.0559
27.4735
29.1709
31.2611
33.8991
37.2992
41.8351
48.0699
57.2339
71.1212
92.4895
125.477
148.942
15.0072
15.0217
15.0364
15.0512
15.0664
15.082
15.0982
15.1149
15.1324
15.1507
15.17
15.1903
15.2119
15.2348
15.2592
15.2852
15.313
15.3428
15.3748
15.4092
15.4461
15.4859
15.5288
15.5751
15.6251
15.679
15.7374
15.8005
15.8689
15.943
16.0233
16.1106
16.2053
16.3084
16.4206
16.543
16.6766
16.8228
16.9831
17.1592
17.3534
17.568
17.8064
18.0722
18.3702
18.7065
19.0794
19.4824
19.9209
20.3987
20.9189
21.4913
22.122
22.819
23.59
24.4536
25.4363
26.5512
27.818
29.2856
31.0001
33.0214
35.4272
38.3658
42.0313
46.676
52.7128
60.6873
71.6978
86.8381
107.149
133.458
149.287
15.0096
15.0289
15.0483
15.068
15.0882
15.109
15.1304
15.1527
15.1759
15.2002
15.2258
15.2529
15.2815
15.3119
15.3443
15.3789
15.4159
15.4555
15.4979
15.5436
15.5927
15.6455
15.7025
15.764
15.8303
15.902
15.9796
16.0634
16.1543
16.2527
16.3594
16.4752
16.6011
16.738
16.887
17.0495
17.227
17.4211
17.634
17.8679
18.1256
18.4106
18.727
19.0797
19.4752
19.9214
20.416
20.9504
21.5314
22.1644
22.8532
23.6105
24.4443
25.3649
26.382
27.5196
28.8118
30.2744
31.9317
33.8448
36.0694
38.6759
41.7535
45.4722
50.0406
55.7087
62.8555
71.9032
83.6666
98.5679
116.661
137.717
149.47
15.0121
15.0363
15.0608
15.0856
15.111
15.1372
15.1641
15.1921
15.2214
15.252
15.2842
15.3183
15.3543
15.3926
15.4333
15.4769
15.5234
15.5732
15.6267
15.6841
15.7459
15.8124
15.8841
15.9615
16.045
16.1352
16.2328
16.3383
16.4526
16.5764
16.7107
16.8565
17.0148
17.1871
17.3746
17.579
17.8023
18.0465
18.3142
18.6083
18.9325
19.2909
19.6886
20.132
20.629
21.1895
21.8105
22.4814
23.2104
24.0039
24.8669
25.815
26.8576
28.0071
29.2752
30.691
32.2952
34.1056
36.1494
38.4979
41.2123
44.3685
48.0581
52.4581
57.7687
64.2045
72.0641
81.6101
93.3733
107.323
123.105
140.31
149.582
15.0147
15.0443
15.0741
15.1044
15.1354
15.1672
15.2001
15.2342
15.2698
15.3072
15.3465
15.3879
15.4319
15.4785
15.5282
15.5812
15.6379
15.6987
15.7639
15.8339
15.9092
15.9902
16.0776
16.1719
16.2737
16.3836
16.5025
16.6311
16.7704
16.9213
17.085
17.2626
17.4555
17.6654
17.8938
18.1429
18.4149
18.7124
19.0384
19.3967
19.7914
20.2277
20.7118
21.2513
21.8559
22.5375
23.2924
24.1072
24.9922
25.9547
27.0005
28.1479
29.4081
30.7952
32.3222
34.0229
35.9442
38.1041
40.5315
43.3044
46.4863
50.1518
54.3865
59.3614
65.2489
72.2081
80.4391
90.0545
101.363
114.087
127.77
142.085
149.659
15.0175
15.0527
15.0882
15.1243
15.1611
15.199
15.2382
15.2788
15.3212
15.3657
15.4125
15.4618
15.5141
15.5697
15.6288
15.6919
15.7594
15.8317
15.9093
15.9927
16.0823
16.1788
16.2828
16.395
16.5162
16.647
16.7885
16.9416
17.1074
17.287
17.4817
17.6931
17.9227
18.1724
18.4442
18.7405
19.0641
19.4179
19.8057
20.2317
20.701
21.2196
21.7949
22.4358
23.1537
23.9627
24.8581
25.8239
26.8719
28.0106
29.2463
30.6001
32.0842
33.7145
35.5046
37.4922
39.7294
42.2328
45.0304
48.2043
51.8149
55.9301
60.6214
66.043
72.3276
79.5728
87.8846
97.2629
107.872
119.337
131.236
143.364
149.714
15.0205
15.0616
15.1031
15.1453
15.1884
15.2327
15.2784
15.3259
15.3755
15.4275
15.4821
15.5399
15.601
15.6659
15.7351
15.8088
15.8877
15.9722
16.0629
16.1603
16.2651
16.3779
16.4995
16.6306
16.7722
16.9251
17.0905
17.2694
17.4631
17.673
17.9005
18.1475
18.4158
18.7075
19.025
19.3712
19.749
20.1622
20.615
21.1123
21.66
22.2651
22.9361
23.6834
24.52
25.4622
26.5041
27.6271
28.8443
30.1652
31.5963
33.1616
34.8739
36.7499
38.8037
41.0758
43.6218
46.4555
49.6016
53.1427
57.1323
61.6261
66.6765
72.4142
78.9288
86.2606
94.4404
103.396
113.211
123.496
133.904
144.331
149.756
15.0236
15.071
15.1188
15.1674
15.217
15.268
15.3208
15.3755
15.4326
15.4925
15.5554
15.6219
15.6923
15.7671
15.8468
15.9318
16.0227
16.12
16.2245
16.3366
16.4573
16.5872
16.7273
16.8783
17.0414
17.2175
17.408
17.614
17.8371
18.0787
18.3408
18.6251
18.934
19.2698
19.6353
20.0337
20.4686
20.944
21.4649
22.0369
22.6666
23.3621
24.133
24.9911
25.9513
27.0318
28.2256
29.5108
30.9021
32.4097
34.0401
35.8195
37.7611
39.8819
42.1955
44.744
47.5851
50.7278
54.1915
58.0558
62.3638
67.1558
72.4624
78.389
84.9844
92.2437
100.145
108.58
117.595
126.824
135.998
145.082
149.788
15.0269
15.0808
15.1352
15.1905
15.247
15.3051
15.3651
15.4274
15.4924
15.5606
15.6323
15.7079
15.7881
15.8732
15.9638
16.0606
16.164
16.2748
16.3937
16.5214
16.6587
16.8066
16.9659
17.1378
17.3234
17.5238
17.7405
17.9749
18.2287
18.5037
18.8018
19.1253
19.4766
19.8585
20.2742
20.7272
21.2216
21.762
22.3539
23.0036
23.7188
24.5083
25.383
26.3561
27.4441
28.6674
30.0175
31.4692
33.0383
34.7354
36.567
38.5609
40.7303
43.0917
45.6571
48.4694
51.5868
55.0113
58.7555
62.8935
67.4558
72.4656
77.932
83.9365
90.4941
97.5681
105.105
112.983
121.236
129.537
137.682
145.681
149.814
15.0303
15.0912
15.1527
15.2151
15.2789
15.3444
15.4122
15.4825
15.5559
15.6328
15.7137
15.7991
15.8896
15.9857
16.088
16.1972
16.3139
16.439
16.5732
16.7173
16.8723
17.0391
17.219
17.413
17.6223
17.8485
18.093
18.3576
18.6439
18.9541
19.2904
19.6553
20.0516
20.4823
20.951
21.4617
22.0189
22.6279
23.2947
24.0265
24.8316
25.7199
26.7035
27.7971
29.0187
30.3908
31.9032
33.5268
35.2786
37.1694
39.205
41.4147
43.8105
46.408
49.2167
52.2792
55.652
59.3293
63.3152
67.6763
72.4292
77.5804
83.1198
89.1081
95.5348
102.344
109.465
116.781
124.322
131.805
139.077
146.175
149.835
15.034
15.1022
15.1711
15.241
15.3125
15.3859
15.4618
15.5406
15.6228
15.709
15.7997
15.8954
15.9967
16.1043
16.219
16.3413
16.4721
16.6122
16.7624
16.9239
17.0975
17.2844
17.4858
17.7031
17.9376
18.1909
18.4648
18.761
19.0816
19.429
19.8055
20.2139
20.6575
21.1395
21.664
22.2353
22.8585
23.5395
24.2848
25.1024
26.0015
26.993
28.0902
29.3089
30.6689
32.1947
33.8739
35.6734
37.6111
39.6973
41.9369
44.36
46.9772
49.8018
52.8403
56.1336
59.7352
63.6303
67.8139
72.3438
77.2234
82.4439
87.9794
93.875
100.103
106.597
113.284
120.056
126.947
133.715
140.242
146.587
149.853
15.0378
15.1137
15.1904
15.2682
15.3477
15.4294
15.5139
15.6016
15.6931
15.789
15.8898
15.9963
16.1091
16.2289
16.3564
16.4925
16.638
16.7939
16.9611
17.1407
17.3338
17.5418
17.7658
18.0075
18.2684
18.5501
18.8547
19.1841
19.5407
19.9269
20.3455
20.7996
21.2926
21.8283
22.411
23.0457
23.7378
24.4938
25.3209
26.2278
27.2246
28.3231
29.5376
30.8855
32.3878
34.0708
35.92
37.8975
40.0219
42.3028
44.7436
47.3746
50.204
53.2426
56.4928
59.9927
63.792
67.8661
72.2009
76.8456
81.7913
87.0169
92.485
98.2301
104.214
110.369
116.624
122.883
129.19
135.333
141.225
146.933
149.868
15.0418
15.1258
15.2105
15.2966
15.3845
15.4749
15.5683
15.6653
15.7665
15.8725
15.984
16.1018
16.2265
16.3589
16.4999
16.6504
16.8113
16.9836
17.1684
17.367
17.5805
17.8104
18.0581
18.3252
18.6136
18.925
19.2616
19.6257
20.0197
20.4464
20.9089
21.4105
21.9549
22.5464
23.1898
23.8902
24.6538
25.4875
26.3994
27.3986
28.4961
29.7047
31.0397
32.5197
34.1672
36.0098
38.0303
40.1862
42.4959
44.9681
47.6044
50.4343
53.4635
56.6991
60.139
63.818
67.7809
71.9935
76.4334
81.1416
86.0994
91.2762
96.6277
102.182
107.895
113.705
119.543
125.331
131.115
136.714
142.06
147.226
149.88
15.046
15.1383
15.2315
15.3261
15.4228
15.5222
15.6248
15.7315
15.8427
15.9593
16.0819
16.2113
16.3484
16.494
16.649
16.8144
16.9913
17.1807
17.3839
17.6021
17.8368
18.0895
18.3617
18.6553
18.9721
19.3143
19.6842
20.0841
20.517
20.9857
21.4936
22.0444
22.6421
23.2914
23.9973
24.7657
25.6031
26.5169
27.5159
28.6099
29.8106
31.1318
32.5897
34.2039
35.9981
38.0011
40.1926
42.5251
45.0166
47.6745
50.4976
53.5147
56.7279
60.1405
63.7455
67.5737
71.6649
75.976
80.4774
85.2031
90.127
95.2124
100.412
105.749
111.182
116.651
122.097
127.455
132.775
137.899
142.775
147.477
149.891
15.0504
15.1514
15.2534
15.357
15.4628
15.5716
15.684
15.8007
15.9225
16.0501
16.1843
16.326
16.476
16.6354
16.805
16.9861
17.1796
17.3869
17.6093
17.8481
18.1049
18.3814
18.6793
19.0005
19.3471
19.7215
20.1261
20.5635
21.0369
21.5494
22.1047
22.7068
23.3601
24.0695
24.8405
25.6795
26.5934
27.5903
28.6794
29.8713
31.1784
32.6152
34.1989
35.9499
37.8928
40.0576
42.4202
44.9277
47.5974
50.4347
53.4357
56.6277
60.0086
63.578
67.3232
71.2717
75.4575
79.8299
84.3538
89.0573
93.9094
98.8702
103.892
108.997
114.145
119.284
124.362
129.327
134.23
138.933
143.397
147.695
149.901
15.0549
15.165
15.2762
15.3891
15.5044
15.623
15.7455
15.8727
16.0054
16.1445
16.2907
16.4451
16.6087
16.7823
16.9672
17.1645
17.3754
17.6013
17.8435
18.1038
18.3836
18.6847
19.0092
19.3591
19.7367
20.1444
20.585
21.0614
21.5768
22.1347
22.7391
23.3942
24.1049
24.8764
25.7147
26.6265
27.6192
28.7015
29.8831
31.1753
32.591
34.1455
35.8566
37.7456
39.8377
42.1634
44.6949
47.3732
50.2148
53.2225
56.3893
59.7405
63.2701
66.973
70.8319
74.8702
79.1174
83.516
88.027
92.6746
97.4249
102.237
107.065
111.932
116.8
121.625
126.364
130.972
135.503
139.836
143.939
147.885
149.909
15.0596
15.1791
15.2997
15.4222
15.5474
15.6761
15.809
15.9471
16.0911
16.242
16.4007
16.5682
16.7457
16.9341
17.1347
17.3487
17.5775
17.8226
18.0855
18.3677
18.6713
18.998
19.3499
19.7294
20.1389
20.581
21.0587
21.5752
22.1338
22.7385
23.3934
24.1031
24.8727
25.708
26.6152
27.6015
28.6749
29.8443
31.1201
32.514
34.0397
35.7129
37.5521
39.5789
41.8191
44.3034
46.9994
49.8423
52.847
56.0138
59.3322
62.8252
66.4826
70.2952
74.2411
78.3404
82.618
87.0119
91.4806
96.0458
100.672
105.321
109.947
114.577
119.177
123.709
128.135
132.421
136.621
140.626
144.413
148.051
149.916
15.0644
15.1936
15.3241
15.4566
15.592
15.7311
15.8749
16.0241
16.1798
16.343
16.5146
16.6958
16.8876
17.0913
17.3082
17.5396
17.787
18.0519
18.336
18.6412
18.9693
19.3224
19.7027
20.1128
20.5553
21.033
21.5491
22.1069
22.7102
23.3632
24.0701
24.8361
25.6665
26.5673
27.5454
28.6081
29.764
31.0225
32.3943
33.8917
35.5288
37.3218
39.2896
41.454
43.8408
46.4807
49.3366
52.3371
55.4956
58.8094
62.2645
65.8814
69.6458
73.5445
77.5519
81.6851
85.9656
90.3279
94.7299
99.1915
103.678
108.153
112.576
116.974
121.317
125.575
129.715
133.709
137.611
141.325
144.831
148.197
149.922
15.0694
15.2086
15.3492
15.4919
15.6378
15.7877
15.9425
16.1033
16.2711
16.4468
16.6317
16.8268
17.0335
17.2529
17.4865
17.7357
18.0022
18.2875
18.5935
18.9221
19.2753
19.6555
20.0651
20.5066
20.9829
21.497
22.0524
22.6526
23.3017
24.004
24.7642
25.5876
26.48
27.4477
28.4978
29.6383
30.8779
32.2264
33.6952
35.2967
37.0455
38.958
41.0533
43.3533
45.8836
48.6741
51.6826
54.8315
58.1322
61.5787
65.1538
68.8753
72.7252
76.6868
80.7314
84.874
89.1331
93.4417
97.7578
102.101
106.439
110.737
114.958
119.134
123.236
127.24
131.119
134.85
138.488
141.943
145.201
148.326
149.928
15.0745
15.224
15.3749
15.5282
15.6848
15.8458
16.012
16.1847
16.3648
16.5535
16.752
16.9615
17.1833
17.4189
17.6697
17.9372
18.2232
18.5295
18.8579
19.2106
19.5897
19.9977
20.4372
20.9109
21.4219
21.9734
22.569
23.2127
23.9086
24.6613
25.476
26.358
27.3136
28.3494
29.4729
30.6922
32.0166
33.4563
35.0227
36.7288
38.5892
40.6206
42.8419
45.275
47.9448
50.8802
54.0337
57.321
60.7516
64.3163
67.9946
71.8017
75.7165
79.7194
83.7792
87.9095
92.1271
96.364
100.58
104.795
108.978
113.099
117.125
121.088
124.965
128.735
132.376
135.87
139.268
142.492
145.529
148.441
149.933
15.0797
15.2396
15.4011
15.5651
15.7326
15.9048
16.0827
16.2673
16.46
16.6619
16.8742
17.0983
17.3356
17.5875
17.8558
18.1419
18.4478
18.7753
19.1265
19.5036
19.909
20.3452
20.815
21.3214
21.8675
22.4569
23.0934
23.781
24.5243
25.328
26.1976
27.1389
28.1582
29.2625
30.4596
31.7581
33.1673
34.6978
36.3613
38.171
40.1415
42.2894
44.6336
47.1953
49.9985
53.0709
56.3591
59.7728
63.3192
66.986
70.7497
74.6234
78.583
82.6068
86.6622
90.762
94.9216
99.0738
103.18
107.262
111.291
115.239
119.079
122.843
126.512
130.068
133.494
136.774
139.96
142.978
145.82
148.542
149.937
15.0849
15.2554
15.4274
15.6021
15.7807
15.9641
16.1536
16.3504
16.5557
16.7708
16.997
17.2357
17.4885
17.757
18.0427
18.3475
18.6733
19.0222
19.3963
19.7979
20.2297
20.6942
21.1944
21.7335
22.3149
22.9423
23.6196
24.3512
25.1418
25.9965
26.921
27.9213
29.004
30.1765
31.4467
32.8235
34.3166
35.9366
37.6955
39.6063
41.6839
43.9447
46.4068
49.0908
52.0198
55.2194
58.6308
62.1576
65.8048
69.5573
73.3891
77.3111
81.2973
85.3244
89.3592
93.4141
97.504
101.563
105.556
109.504
113.381
117.165
120.83
124.41
127.889
131.252
134.485
137.574
140.571
143.408
146.076
148.632
149.941
15.09
15.2707
15.4531
15.6383
15.8276
16.022
16.2229
16.4315
16.6491
16.8771
17.1169
17.3699
17.6379
17.9224
18.2252
18.5483
18.8936
19.2632
19.6596
20.0852
20.5426
21.0347
21.5646
22.1356
22.7513
23.4156
24.1327
24.907
25.7437
26.6479
27.6256
28.6831
29.8272
31.0655
32.4062
33.8583
35.4318
37.1374
38.9871
40.994
43.1726
45.539
48.1109
50.9078
53.9513
57.2652
60.7852
64.4093
68.1408
71.9617
75.8441
79.7974
83.7941
87.81
91.8118
95.8123
99.8262
103.79
107.67
111.489
115.225
118.857
122.363
125.777
129.087
132.28
135.343
138.267
141.1
143.779
146.297
148.709
149.944
15.0948
15.2851
15.4772
15.6722
15.8715
16.0763
16.2879
16.5076
16.7367
16.9768
17.2293
17.4958
17.7779
18.0775
18.3963
18.7365
19.1
19.4892
19.9065
20.3545
20.8359
21.3539
21.9115
22.5124
23.1602
23.859
24.6132
25.4275
26.3071
27.2575
28.2848
29.3954
30.5965
31.8958
33.3018
34.8236
36.4711
38.2553
40.1881
42.2825
44.5527
47.0142
49.6841
52.5809
55.7246
59.137
62.7488
66.4532
70.2517
74.1244
78.0416
82.0118
86.0065
90.0012
93.9631
97.9056
101.843
105.715
109.49
113.192
116.801
120.298
123.665
126.936
130.1
133.148
136.067
138.85
141.544
144.09
146.483
148.774
149.947
15.0992
15.2984
15.4994
15.7035
15.9121
16.1264
16.3478
16.5777
16.8175
17.0687
17.3329
17.6118
17.907
18.2204
18.554
18.9099
19.2902
19.6974
20.134
20.6026
21.1062
21.6479
22.2311
22.8594
23.5367
24.2672
25.0555
25.9065
26.8255
27.8182
28.8908
30.0501
31.3033
32.6582
34.1236
35.7086
37.4232
39.2784
41.2859
43.4587
45.8105
48.3563
51.1124
54.0961
57.3261
60.8221
64.5103
68.2797
72.1305
76.0412
79.9808
83.9574
87.9416
91.9093
95.8283
99.7127
103.578
107.364
111.043
114.64
118.137
121.517
124.763
127.912
130.952
133.876
136.674
139.339
141.916
144.351
146.639
148.828
149.949
15.1033
15.3104
15.5196
15.732
15.949
16.172
16.4024
16.6416
16.8911
17.1524
17.4273
17.7174
18.0245
18.3506
18.6977
19.0679
19.4635
19.8871
20.3411
20.8285
21.3522
21.9156
22.522
23.1753
23.8794
24.6388
25.458
26.3423
27.297
28.328
29.4417
30.6449
31.9451
33.3503
34.8691
36.5109
38.2856
40.2042
42.2783
44.5205
46.9443
49.5641
52.3952
55.454
58.7576
62.3239
66.075
69.8967
73.7878
77.7256
81.6784
85.6538
89.6223
93.5601
97.4361
101.265
105.062
108.771
112.365
115.869
119.268
122.546
125.69
128.733
131.668
134.487
137.183
139.748
142.228
144.57
146.769
148.874
149.951
15.1069
15.3213
15.5377
15.7576
15.9822
16.213
16.4514
16.6989
16.9571
17.2276
17.5121
17.8123
18.1302
18.4676
18.8267
19.2098
19.6192
20.0574
20.5272
21.0314
21.5732
22.156
22.7832
23.4589
24.187
24.9722
25.8192
26.7332
27.7199
28.7851
29.9355
31.178
32.5201
33.97
35.5362
37.2283
39.0562
41.0307
43.1634
45.4664
47.953
50.6368
53.5326
56.6554
60.0212
63.646
67.4486
71.3117
75.2335
79.19
83.1493
87.1186
91.0688
94.9762
98.8109
102.588
106.324
109.964
113.482
116.906
120.22
123.411
126.467
129.422
132.268
134.999
137.608
140.09
142.488
144.752
146.877
148.911
149.953
15.1101
15.3309
15.5538
15.7802
16.0115
16.2492
16.4947
16.7496
17.0155
17.2941
17.587
17.8961
18.2234
18.5709
18.9407
19.3351
19.7566
20.2078
20.6914
21.2105
21.7683
22.3681
23.0137
23.7091
24.4585
25.2664
26.1378
27.078
28.0928
29.1881
30.3707
31.6476
33.0265
34.5154
36.1231
37.8591
39.7333
41.7564
43.9397
46.2952
48.8356
51.5742
54.5248
57.7016
61.1192
64.7922
68.6363
72.5319
76.4766
80.4457
84.4068
88.3674
92.2982
96.1766
99.9731
103.704
107.386
110.965
114.418
117.773
121.015
124.133
127.114
129.994
132.766
135.423
137.961
140.374
142.704
144.903
146.968
148.943
149.954
15.1128
15.3392
15.5677
15.7997
16.0368
16.2804
16.5321
16.7934
17.0659
17.3514
17.6517
17.9685
18.304
18.6601
19.0391
19.4433
19.8752
20.3376
20.8332
21.3651
21.9367
22.5513
23.2127
23.9251
24.6927
25.5202
26.4127
27.3755
28.4144
29.5356
30.7459
32.0523
33.4627
34.9851
36.6283
38.4018
40.3154
42.3798
44.606
47.0059
49.5917
52.3762
55.3725
58.594
62.0541
65.7661
69.6432
73.5639
77.5254
81.5024
85.4626
89.4132
93.3254
97.177
100.94
104.63
108.265
111.792
115.191
118.487
121.669
124.725
127.645
130.464
133.174
135.771
138.25
140.606
142.881
145.027
147.041
148.969
149.956
15.1151
15.3461
15.5793
15.8161
16.058
16.3066
16.5634
16.83
17.1082
17.3995
17.7059
18.0292
18.3714
18.7348
19.1215
19.5339
19.9747
20.4464
20.952
21.4947
22.0777
22.7047
23.3794
24.106
24.8889
25.7328
26.6428
27.6245
28.6836
29.8264
31.0598
32.3909
33.8274
35.3777
37.0504
38.855
40.8013
42.8998
45.1615
47.5979
50.2209
53.0429
56.0763
59.3339
62.828
66.5709
70.4736
74.4135
78.3871
82.3688
86.3263
90.267
94.1624
97.9907
101.724
105.38
108.976
112.461
115.814
119.063
122.196
125.202
128.072
130.841
133.501
136.05
138.482
140.792
143.022
145.126
147.1
148.989
149.956
15.117
15.3517
15.5886
15.8292
16.0751
16.3277
16.5886
16.8595
17.1421
17.4381
17.7494
18.0779
18.4256
18.7948
19.1877
19.6067
20.0545
20.5337
21.0474
21.5987
22.191
22.8278
23.5132
24.2512
25.0463
25.9034
26.8275
27.8242
28.8995
30.0596
31.3115
32.6622
34.1197
35.6922
37.3885
39.2178
41.1902
43.3158
45.6056
48.0708
50.7231
53.5745
56.637
59.9225
63.443
67.2095
71.1316
75.0855
79.0675
83.0518
87.0062
90.938
94.819
98.628
102.338
105.966
109.531
112.982
116.3
119.511
122.605
125.572
128.404
131.133
133.755
136.267
138.661
140.936
143.132
145.202
147.146
149.005
149.957
15.1184
15.3559
15.5956
15.8391
16.0878
16.3434
16.6075
16.8816
17.1675
17.4671
17.782
18.1144
18.4663
18.8399
19.2374
19.6614
20.1144
20.5993
21.119
21.6767
22.2759
22.9202
23.6135
24.3601
25.1644
26.0313
26.966
27.974
29.0614
30.2345
31.5001
32.8656
34.3388
35.9279
37.6417
39.4895
41.4812
43.6269
45.9376
48.4242
51.0982
53.9713
57.0551
60.3612
63.9008
67.6843
71.6203
75.5839
79.5716
83.5572
87.5085
91.4331
95.303
99.0973
102.789
106.397
109.939
113.364
116.655
119.839
122.905
125.843
128.646
131.347
133.941
136.425
138.792
141.041
143.212
145.258
147.179
149.017
149.958
15.1193
15.3586
15.6002
15.8456
16.0963
16.3539
16.62
16.8963
17.1844
17.4863
17.8037
18.1387
18.4933
18.8698
19.2704
19.6976
20.1541
20.6428
21.1665
21.7285
22.3323
22.9815
23.6801
24.4324
25.2427
26.1162
27.0578
28.0734
29.1687
30.3504
31.6252
33.0004
34.4839
36.084
37.8094
39.6694
41.6738
43.8329
46.1573
48.6579
51.3462
54.2335
57.3312
60.6507
64.2027
67.9972
71.942
75.9118
79.9028
83.889
87.8381
91.7577
95.62
99.4043
103.084
106.678
110.205
113.614
116.887
120.052
123.1
126.02
128.804
131.486
134.062
136.527
138.878
141.11
143.264
145.295
147.201
149.024
149.958
15.1197
15.36
15.6025
15.8488
16.1005
16.3591
16.6262
16.9035
17.1927
17.4957
17.8144
18.1506
18.5065
18.8844
19.2865
19.7154
20.1736
20.6641
21.1897
21.7539
22.3599
23.0115
23.7127
24.4677
25.281
26.1576
27.1027
28.1219
29.2212
30.407
31.6863
33.0663
34.5548
36.1602
37.8913
39.7572
41.7679
43.9334
46.2644
48.7719
51.467
54.3612
57.4657
60.7916
64.3496
68.1494
72.0984
76.0711
80.0637
84.05
87.9979
91.915
95.7736
99.553
103.227
106.815
110.333
113.734
116.999
120.156
123.194
126.105
128.88
131.553
134.12
136.577
138.919
141.143
143.289
145.312
147.211
149.028
149.958
15.1197
15.3599
15.6024
15.8487
16.1003
16.3588
16.6259
16.9032
17.1924
17.4953
17.8139
18.1501
18.5059
18.8837
19.2858
19.7145
20.1727
20.6631
21.1886
21.7527
22.3586
23.0101
23.7111
24.466
25.2792
26.1556
27.1005
28.1195
29.2186
30.4042
31.6832
33.063
34.5513
36.1564
37.8871
39.7528
41.7631
43.9282
46.2589
48.766
51.4608
54.3546
57.4588
60.7843
64.342
68.1415
72.0903
76.0628
80.0554
84.0417
87.9896
91.9068
95.7656
99.5453
103.22
106.807
110.327
113.728
116.993
120.15
123.189
126.1
128.876
131.55
134.117
136.574
138.917
141.141
143.288
145.311
147.211
149.028
149.958
15.1192
15.3585
15.5999
15.8452
16.0958
16.3532
16.6192
16.8953
17.1833
17.485
17.8023
18.1371
18.4915
18.8677
19.2681
19.6951
20.1514
20.6398
21.1632
21.7249
22.3284
22.9772
23.6754
24.4272
25.2371
26.1101
27.0512
28.0662
29.1609
30.3419
31.616
32.9905
34.4732
36.0724
37.7969
39.656
41.6595
43.8175
46.1408
48.6404
51.3275
54.2137
57.3104
60.6288
64.1798
67.9735
71.9176
75.8869
79.8777
83.8638
87.813
91.733
95.5959
99.381
103.062
106.657
110.184
113.595
116.869
120.036
123.085
126.006
128.792
131.475
134.053
136.52
138.871
141.104
143.26
145.292
147.199
149.024
149.958
15.1183
15.3556
15.5951
15.8384
16.0869
16.3423
16.6061
16.88
17.1657
17.4649
17.7796
18.1117
18.4633
18.8365
19.2337
19.6572
20.1099
20.5943
21.1135
21.6707
22.2694
22.913
23.6057
24.3515
25.1551
26.0212
26.9549
27.962
29.0484
30.2204
31.4849
32.8491
34.3209
35.9086
37.6209
39.4672
41.4572
43.6013
45.9101
48.3949
51.0671
53.9383
57.0203
60.3247
63.8626
67.6447
71.5795
75.5423
79.5294
83.5149
87.4665
91.3917
95.2625
99.058
102.751
106.361
109.905
113.332
116.625
119.811
122.88
125.821
128.626
131.329
133.925
136.411
138.782
141.032
143.205
145.254
147.176
149.016
149.958
15.1168
15.3513
15.5879
15.8282
16.0738
16.3261
16.5867
16.8573
17.1395
17.4351
17.746
18.0741
18.4214
18.7901
19.1825
19.601
20.0482
20.5268
21.0398
21.5903
22.1818
22.8178
23.5022
24.2392
25.0333
25.8892
26.8121
27.8075
28.8813
30.04
31.2902
32.6392
34.0948
35.6653
37.3595
39.1867
41.1567
43.2799
45.5672
48.0298
50.6796
53.5283
56.5882
59.8713
63.3894
67.1538
71.0742
75.0268
79.0081
82.9922
86.9468
90.8794
94.7617
98.5724
102.284
105.915
109.483
112.937
116.257
119.472
122.57
125.54
128.375
131.108
133.733
136.248
138.646
140.923
143.122
145.196
147.142
149.004
149.957
15.1149
15.3456
15.5784
15.8148
16.0564
16.3046
16.561
16.8272
17.1049
17.3957
17.7016
18.0244
18.3661
18.7288
19.1149
19.5266
19.9666
20.4375
20.9423
21.484
22.066
22.6919
23.3654
24.0907
24.8722
25.7147
26.6231
27.6031
28.6603
29.8012
31.0325
32.3614
33.7955
35.3432
37.0133
38.815
40.7584
42.8538
45.1122
47.5453
50.1649
52.9835
56.0135
59.2678
62.7588
66.4989
70.3993
74.3374
78.3099
82.2912
86.249
90.1906
94.0875
97.9179
101.654
105.313
108.913
112.401
115.759
119.012
122.149
125.16
128.034
130.807
133.472
136.025
138.461
140.775
143.01
145.117
147.095
148.987
149.956
15.1126
15.3385
15.5666
15.7982
16.0348
16.278
16.5291
16.7899
17.0619
17.3468
17.6465
17.9627
18.2974
18.6528
19.031
19.4344
19.8654
20.3268
20.8213
21.3521
21.9224
22.5357
23.1957
23.9065
24.6725
25.4982
26.3887
27.3494
28.3861
29.505
30.7127
32.0164
33.4238
34.9431
36.5831
38.3531
40.2631
42.3236
44.5459
46.9417
49.5233
52.3035
55.2956
58.5129
61.9691
65.6775
69.5516
73.4701
77.43
81.4063
85.3666
89.3181
93.2321
97.0861
100.852
104.546
108.185
111.717
115.121
118.423
121.61
124.672
127.597
130.421
133.137
135.74
138.224
140.585
142.865
145.015
147.035
148.966
149.955
15.1098
15.3301
15.5525
15.7784
16.0092
16.2463
16.4912
16.7455
17.0108
17.2887
17.5809
17.8893
18.2157
18.5623
18.9312
19.3246
19.745
20.1951
20.6775
21.1952
21.7515
22.3498
22.9938
23.6873
24.4347
25.2405
26.1097
27.0475
28.0596
29.1522
30.3317
31.6054
32.9808
34.4661
36.0699
37.8018
39.6717
41.6902
43.8687
46.2193
48.7547
51.4882
54.4337
57.6055
61.0183
64.6868
68.5271
72.4197
76.3623
80.3302
84.2913
88.2527
92.1854
96.0664
99.8665
103.602
107.289
110.873
114.333
117.694
120.943
124.067
127.055
129.942
132.72
135.385
137.929
140.348
142.684
144.889
146.959
148.94
149.954
15.1066
15.3204
15.5363
15.7555
15.9795
16.2097
16.4474
16.6943
16.9517
17.2215
17.5051
17.8045
18.1214
18.4578
18.8159
19.1978
19.6059
20.0428
20.5112
21.0139
21.554
22.135
22.7603
23.4339
24.1598
24.9426
25.787
26.6982
27.6819
28.7439
29.8908
31.1296
32.4678
33.9134
35.4752
37.1625
38.9854
40.9546
43.0817
45.379
47.8597
50.5375
53.4271
56.544
59.904
63.5234
67.3212
71.1804
75.0994
79.0543
83.0131
86.9831
90.935
94.8454
98.6839
102.466
106.208
109.854
113.379
116.811
120.133
123.332
126.396
129.358
132.213
134.952
137.569
140.059
142.465
144.735
146.868
148.908
149.953
15.1029
15.3095
15.5179
15.7297
15.946
16.1683
16.3979
16.6363
16.885
17.1455
17.4194
17.7086
18.0147
18.3396
18.6855
19.0544
19.4487
19.8707
20.3232
20.8088
21.3307
21.892
22.4963
23.1472
23.8488
24.6055
25.4218
26.3029
27.2543
28.2816
29.3914
30.5905
31.8862
33.2866
34.8003
36.4367
38.2057
40.1183
42.1861
44.4217
46.8386
49.4514
52.2755
55.3272
58.6239
62.1836
65.9289
69.7457
73.6332
77.5686
81.5203
85.4959
89.466
93.4068
97.2869
101.121
104.925
108.641
112.243
115.756
119.164
122.451
125.604
128.657
131.602
134.431
137.136
139.71
142.199
144.549
146.757
148.869
149.951
15.0989
15.2973
15.4975
15.7009
15.9087
16.1223
16.3429
16.5719
16.8108
17.061
17.3242
17.602
17.896
18.2083
18.5406
18.895
19.2738
19.6793
20.1141
20.5808
21.0823
21.6218
22.2026
22.8284
23.5029
24.2304
25.0155
25.863
26.7782
27.7669
28.8351
29.9898
31.238
32.5876
34.0473
35.6262
37.3344
39.1828
41.1832
43.3485
45.6925
48.2304
50.9783
53.9538
57.1756
60.6638
64.3449
68.1083
71.9544
75.8616
79.7993
83.7755
87.7609
91.7313
95.6545
99.5446
103.417
107.211
110.899
114.506
118.013
121.404
124.662
127.822
130.874
133.809
136.618
139.294
141.882
144.327
146.624
148.823
149.949
15.0944
15.2839
15.4752
15.6694
15.8679
16.0718
16.2825
16.5012
16.7294
16.9684
17.2198
17.4851
17.766
18.0642
18.3816
18.7202
19.0821
19.4695
19.8848
20.3307
20.8099
21.3254
21.8805
22.4785
23.1233
23.8188
24.5694
25.38
26.2554
27.2014
28.2239
29.3294
30.525
31.8185
33.2182
34.7333
36.3737
38.1503
40.0751
42.1612
44.4226
46.8751
49.5357
52.4229
55.5572
58.9603
62.5636
66.2605
70.0529
73.9209
77.8351
81.8041
85.7992
89.7962
93.7621
97.7102
101.655
105.536
109.321
113.034
116.655
120.164
123.544
126.829
130.007
133.067
136
138.796
141.503
144.061
146.466
148.768
149.947
15.0896
15.2694
15.4509
15.6353
15.8236
16.0171
16.2171
16.4247
16.6412
16.868
17.1066
17.3584
17.625
17.908
18.2093
18.5306
18.8741
19.2419
19.6362
20.0595
20.5145
21.004
21.531
22.099
22.7114
23.3721
24.0853
24.8556
25.6878
26.5872
27.5597
28.6116
29.7497
30.9816
32.3155
33.7603
35.326
37.0232
38.8641
40.8617
43.0306
45.3868
47.9482
50.7342
53.7668
57.0699
60.5796
64.1946
67.9183
71.7331
75.6109
79.5617
83.5577
87.5751
91.5804
95.5864
99.6078
103.581
107.471
111.303
115.053
118.698
122.22
125.65
128.975
132.184
135.263
138.203
141.051
143.744
146.277
148.702
149.944
15.0844
15.2539
15.4249
15.5986
15.7761
15.9584
16.1468
16.3424
16.5465
16.7602
16.985
17.2223
17.4736
17.7403
18.0242
18.3271
18.6509
18.9975
19.3692
19.7682
20.1972
20.6587
21.1556
21.6912
22.2688
22.8921
23.5649
24.2918
25.0773
25.9265
26.845
27.8388
28.9147
30.0797
31.342
32.7103
34.1942
35.8045
37.553
39.4529
41.519
43.7675
46.217
48.888
51.8035
54.9897
58.3881
61.9031
65.54
69.2838
73.1088
77.0263
81.0103
85.0377
89.0752
93.1355
97.2332
101.303
105.308
109.27
113.164
116.965
120.648
124.247
127.746
131.129
134.382
137.492
140.508
143.363
146.049
148.622
149.941
15.079
15.2376
15.3976
15.5601
15.7262
15.8969
16.0732
16.2562
16.4472
16.6472
16.8576
17.0797
17.3148
17.5644
17.8302
18.1137
18.4167
18.7412
19.0891
19.4627
19.8642
20.2964
20.7617
21.2633
21.8043
22.3881
23.0186
23.6997
24.436
25.2322
26.0937
27.0262
28.0361
29.1303
30.3165
31.6033
33
34.5171
36.1663
37.9608
39.9151
42.0461
44.3723
46.9153
49.6993
52.752
56.0211
59.4169
62.9472
66.5999
70.3521
74.2172
78.1713
82.1931
86.2503
90.3555
94.5243
98.6895
102.813
106.914
110.965
114.938
118.805
122.597
126.295
129.882
133.338
136.648
139.864
142.911
145.779
148.528
149.937
15.0736
15.2211
15.3701
15.5214
15.676
15.8349
15.999
16.1694
16.3472
16.5334
16.7293
16.936
17.1549
17.3873
17.6347
17.8987
18.1809
18.483
18.807
19.1549
19.5289
19.9314
20.3649
20.8321
21.3362
21.8802
22.4678
23.1027
23.7892
24.5318
25.3355
26.2057
27.1486
28.1707
29.2794
30.4829
31.7902
33.2116
34.7584
36.4436
38.2817
40.2894
42.4857
44.8924
47.5346
50.4416
53.5667
56.8272
60.2329
63.7752
67.4341
71.2256
75.1289
79.1251
83.1834
87.3177
91.5448
95.797
100.034
104.275
108.489
112.645
116.709
120.714
124.634
128.449
132.136
135.675
139.12
142.387
145.467
148.419
149.932
15.0682
15.2051
15.3432
15.4835
15.6269
15.7742
15.9264
16.0844
16.2493
16.422
16.6036
16.7954
16.9984
17.214
17.4434
17.6883
17.95
18.2303
18.5308
18.8536
19.2005
19.574
19.9762
20.4098
20.8776
21.3826
21.9281
22.5176
23.1551
23.8449
24.5917
25.4006
26.2773
27.2282
28.2601
29.381
30.5994
31.9253
33.3697
34.9451
36.6658
38.5484
40.6117
42.8779
45.3726
48.1258
51.0968
54.2094
57.4756
60.8901
64.4367
68.1337
71.9641
75.9119
79.9492
84.0915
88.3579
92.6815
97.0204
101.394
105.77
110.112
114.383
118.613
122.775
126.84
130.782
134.577
138.278
141.795
145.112
148.295
149.926
15.063
15.1894
15.317
15.4466
15.579
15.715
15.8556
16.0015
16.1538
16.3133
16.481
16.6581
16.8457
17.0448
17.2567
17.4829
17.7247
17.9836
18.2612
18.5594
18.88
19.225
19.5967
19.9974
20.4298
20.8966
21.4008
21.9459
22.5355
23.1736
23.8645
24.6132
25.4249
26.3055
27.2618
28.301
29.4315
30.6626
32.0049
33.4706
35.0736
36.83
38.7584
40.8809
43.2233
45.8161
48.6238
51.577
54.6897
57.96
61.3751
64.9561
68.6901
72.5649
76.5561
80.6816
84.9638
89.3381
93.7625
98.2574
102.788
107.316
111.801
116.269
120.689
125.027
129.252
133.332
137.322
141.121
144.709
148.154
149.92
15.0579
15.1741
15.2914
15.4105
15.5322
15.6573
15.7865
15.9206
16.0606
16.2072
16.3614
16.5243
16.6966
16.8797
17.0746
17.2825
17.5048
17.7429
17.9982
18.2723
18.5672
18.8845
19.2263
19.5949
19.9926
20.422
20.886
21.3876
21.9302
22.5176
23.1538
23.8433
24.5911
25.4027
26.2844
27.2431
28.2866
29.4238
30.6648
32.0211
33.5063
35.1357
36.9278
38.904
41.09
43.5163
46.1525
48.9357
51.8816
54.9913
58.2558
61.6988
65.3118
69.0868
73.0038
77.0839
81.3536
85.7524
90.2396
94.8376
99.5115
104.221
108.922
113.638
118.335
122.972
127.51
131.91
136.227
140.348
144.246
147.992
149.913
15.053
15.1593
15.2666
15.3756
15.4869
15.6014
15.7196
15.8423
15.9704
16.1046
16.2457
16.3947
16.5524
16.72
16.8983
17.0886
17.292
17.5099
17.7436
17.9945
18.2643
18.5548
18.8677
19.2051
19.5693
19.9625
20.3873
20.8467
21.3438
21.8819
22.4649
23.0968
23.7824
24.5268
25.3358
26.2158
27.1741
28.2192
29.3604
30.6089
31.9774
33.4807
35.1365
36.9657
38.9932
41.2494
43.7082
46.3132
49.0813
52.0165
55.1132
58.3975
61.8652
65.5132
69.3262
73.3292
77.5537
81.9449
86.4653
91.1407
95.9379
100.817
105.729
110.699
115.688
120.646
125.528
130.286
134.973
139.46
143.713
147.806
149.905
15.0483
15.1451
15.2428
15.3421
15.4435
15.5477
15.6554
15.7672
15.8839
16.0061
16.1346
16.2703
16.414
16.5666
16.7291
16.9024
17.0877
17.2862
17.4991
17.7277
17.9736
18.2382
18.5234
18.8308
19.1627
19.521
19.9083
20.3271
20.7802
21.2709
21.8026
22.3791
23.0047
23.6841
24.4226
25.2264
26.1021
27.0576
28.1018
29.245
30.4992
31.8785
33.3997
35.0828
36.952
39.0368
41.315
43.7363
46.3186
49.0681
51.9826
55.0898
58.3901
61.8847
65.5639
69.4566
73.5998
77.9463
82.4637
87.1826
92.0742
97.1
102.212
107.433
112.721
118.021
123.278
128.432
133.535
138.439
143.1
147.591
149.896
15.0438
15.1315
15.2202
15.3102
15.4021
15.4966
15.5943
15.6957
15.8014
15.9123
16.0288
16.1519
16.2822
16.4206
16.5679
16.7251
16.8932
17.0732
17.2662
17.4736
17.6966
17.9366
18.1953
18.4742
18.7752
19.1003
19.4517
19.8317
20.243
20.6884
21.171
21.6944
22.2626
22.8797
23.5508
24.2814
25.0778
25.9471
26.8976
27.939
29.0824
30.3411
31.7309
33.2707
34.9837
36.8981
38.9952
41.2305
43.6221
46.1783
48.8993
51.8147
54.9283
58.2458
61.7626
65.5121
69.5368
73.7981
78.2707
82.9918
87.9394
93.0796
98.3664
103.826
109.414
115.069
120.729
126.319
131.888
137.266
142.394
147.343
149.885
15.0394
15.1186
15.1985
15.2796
15.3626
15.4478
15.5358
15.6272
15.7226
15.8225
15.9276
16.0386
16.1561
16.2809
16.4137
16.5555
16.707
16.8693
17.0434
17.2304
17.4315
17.648
17.8813
18.1329
18.4044
18.6977
19.0147
19.3576
19.7286
20.1305
20.5661
21.0386
21.5516
22.1089
22.7151
23.3752
24.095
24.8811
25.7411
26.6837
27.7196
28.8608
30.1222
31.5214
33.0803
34.8256
36.7417
38.7891
40.9863
43.3426
45.8608
48.5709
51.4802
54.5982
57.9255
61.4989
65.3665
69.4997
73.8811
78.5564
83.5129
88.7251
94.1525
99.8264
105.706
111.726
117.815
123.885
129.979
135.9
141.568
147.054
149.873
15.0354
15.1063
15.1779
15.2506
15.325
15.4013
15.4802
15.5622
15.6476
15.7372
15.8314
15.9309
16.0362
16.148
16.2671
16.3942
16.53
16.6755
16.8316
16.9992
17.1795
17.3736
17.5827
17.8083
18.0518
18.3147
18.599
18.9065
19.2393
19.5997
19.9905
20.4144
20.8747
21.3749
21.919
22.5118
23.1583
23.8646
24.6376
25.4855
26.4176
27.4454
28.5823
29.8449
31.2533
32.8326
34.5697
36.4301
38.4317
40.5848
42.8938
45.3889
48.0799
50.9795
54.0927
57.4596
61.1326
65.0934
69.3339
73.9089
78.8175
84.0462
89.5647
95.4139
101.562
107.941
114.479
121.071
127.754
134.298
140.597
146.712
149.858
15.0315
15.0947
15.1585
15.2232
15.2894
15.3575
15.4277
15.5007
15.5768
15.6566
15.7405
15.8291
15.9229
16.0226
16.1286
16.2418
16.3628
16.4925
16.6315
16.7808
16.9414
17.1144
17.3007
17.5017
17.7186
17.9529
18.2062
18.4802
18.7768
19.0981
19.4464
19.8243
20.2347
20.6807
21.166
21.6948
22.2717
22.9022
23.5925
24.3499
25.183
26.1022
27.1198
28.2508
29.5139
30.9321
32.4946
34.1712
35.9792
37.9291
40.0267
42.3014
44.7651
47.4326
50.3126
53.4473
56.8926
60.6398
64.6905
69.1085
73.9065
79.0859
84.6315
90.5987
96.9708
103.688
110.678
117.826
125.162
132.419
139.452
146.308
149.841
15.0278
15.0836
15.1399
15.1971
15.2556
15.3157
15.3778
15.4422
15.5094
15.5799
15.654
15.7323
15.8151
15.9031
15.9968
16.0968
16.2036
16.3181
16.4409
16.5729
16.7147
16.8675
17.0321
17.2096
17.4012
17.6082
17.832
18.0741
18.3362
18.6201
18.9279
19.2619
19.6246
20.0189
20.448
20.9157
21.426
21.9838
22.5947
23.2653
24.0032
24.8178
25.7202
26.724
27.846
29.1072
30.4988
31.9944
33.6103
35.3572
37.2414
39.2912
41.5194
43.9425
46.5718
49.4505
52.6362
56.1293
59.9402
64.1411
68.759
73.8127
79.3062
85.3148
91.8463
98.8578
106.29
114.022
122.084
130.163
138.068
145.818
149.82
15.0243
15.0731
15.1224
15.1724
15.2236
15.2761
15.3304
15.3868
15.4456
15.5072
15.572
15.6405
15.7129
15.7899
15.8719
15.9593
16.0528
16.153
16.2604
16.3758
16.4999
16.6335
16.7775
16.9328
17.1005
17.2816
17.4774
17.6892
17.9185
18.167
18.4363
18.7286
19.0461
19.3913
19.767
20.1765
20.6234
21.112
21.6473
22.2351
22.8822
23.5967
24.3887
25.2703
26.2565
27.3661
28.5918
29.9111
31.3388
32.8852
34.5571
36.3808
38.3697
40.5407
42.907
45.5113
48.4113
51.6148
55.1399
59.0653
63.4316
68.2755
73.6233
79.5748
86.1715
93.4005
101.232
109.553
118.405
127.431
136.377
145.217
149.794
15.021
15.0633
15.1059
15.1491
15.1934
15.2388
15.2858
15.3345
15.3854
15.4387
15.4948
15.554
15.6167
15.6833
15.7541
15.8298
15.9107
15.9973
16.0902
16.1901
16.2974
16.413
16.5376
16.6719
16.817
16.9737
17.1431
17.3264
17.5248
17.7398
17.9729
18.2258
18.5006
18.7994
19.1246
19.4791
19.8661
20.2893
20.753
21.2623
21.8231
22.4427
23.1297
23.8948
24.7512
25.7156
26.782
27.9311
29.1764
30.5274
31.9909
33.5909
35.3406
37.2567
39.3533
41.6712
44.2664
47.1521
50.3525
53.9495
57.9954
62.5434
67.6425
73.4191
79.956
87.285
95.4269
104.301
113.984
124.087
134.278
144.466
149.761
15.018
15.054
15.0904
15.1273
15.1651
15.2039
15.244
15.2856
15.329
15.3745
15.4224
15.473
15.5265
15.5833
15.6438
15.7084
15.7775
15.8514
15.9308
16.016
16.1077
16.2064
16.3128
16.4275
16.5513
16.6851
16.8298
16.9863
17.1557
17.3393
17.5384
17.7545
17.9892
18.2444
18.5222
18.8251
19.1558
19.5174
19.9138
20.3492
20.8287
21.3587
21.9466
22.6015
23.3351
24.1616
25.0763
26.0629
27.1333
28.2962
29.5577
30.9397
32.4543
34.1174
35.9431
37.9692
40.2483
42.7971
45.6431
48.8685
52.5333
56.7039
61.4495
66.9212
73.2461
80.5135
88.818
98.1473
108.652
119.952
131.634
143.509
149.72
15.015
15.0452
15.0757
15.1066
15.1382
15.1707
15.2043
15.2392
15.2755
15.3136
15.3537
15.396
15.4409
15.4885
15.5391
15.5932
15.651
15.713
15.7794
15.8508
15.9276
16.0102
16.0993
16.1954
16.2991
16.4112
16.5323
16.6634
16.8053
16.9591
17.1258
17.3068
17.5034
17.7172
17.95
18.2038
18.4809
18.784
19.1162
19.4812
19.8833
20.3277
20.8209
21.3706
21.9864
22.6807
23.4496
24.2795
25.1808
26.161
27.2257
28.3939
29.6766
31.0883
32.642
34.372
36.3256
38.5211
40.9871
43.8024
47.0302
50.745
55.031
60.058
65.9948
72.9942
81.2457
90.8484
102.092
114.685
128.17
142.234
149.665
15.0123
15.0369
15.0618
15.087
15.1129
15.1394
15.1668
15.1952
15.2249
15.256
15.2888
15.3233
15.3599
15.3988
15.4401
15.4843
15.5315
15.5821
15.6363
15.6946
15.7573
15.8247
15.8975
15.9759
16.0606
16.1521
16.251
16.358
16.4739
16.5995
16.7357
16.8834
17.044
17.2186
17.4087
17.616
17.8423
18.0899
18.3613
18.6595
18.9882
19.3515
19.7547
20.2041
20.7079
21.2762
21.9057
22.5857
23.3246
24.1289
25.0036
25.9644
27.0209
28.1857
29.4705
30.9047
32.5296
34.3628
36.432
38.8088
41.5549
44.7462
48.4743
52.9162
58.2707
64.7494
72.6444
82.2074
93.9516
107.825
123.458
140.446
149.588
15.0097
15.0291
15.0487
15.0686
15.089
15.1099
15.1315
15.1539
15.1773
15.2018
15.2276
15.2549
15.2837
15.3143
15.347
15.3818
15.419
15.4588
15.5016
15.5475
15.597
15.6502
15.7075
15.7693
15.8361
15.9082
15.9862
16.0706
16.1619
16.2609
16.3683
16.4848
16.6114
16.7491
16.899
17.0624
17.2409
17.4362
17.6503
17.8855
18.1448
18.4314
18.7496
19.1044
19.5021
19.9509
20.4483
20.9858
21.5702
22.2067
22.8995
23.6612
24.4997
25.4254
26.4483
27.5923
28.8918
30.3625
32.0289
33.9524
36.1889
38.8091
41.9023
45.6389
50.2279
55.9187
63.0889
72.1569
83.9294
98.814
116.849
137.794
149.474
15.0073
15.0218
15.0364
15.0513
15.0666
15.0822
15.0984
15.1152
15.1327
15.1511
15.1704
15.1907
15.2123
15.2353
15.2597
15.2857
15.3136
15.3434
15.3754
15.4098
15.4468
15.4866
15.5295
15.5758
15.6257
15.6797
15.7381
15.8013
15.8696
15.9437
16.0241
16.1113
16.2061
16.3091
16.4213
16.5437
16.6773
16.8235
16.9838
17.1599
17.354
17.5687
17.807
18.0728
18.3708
18.7071
19.08
19.483
19.9214
20.3992
20.9194
21.4917
22.1224
22.8193
23.5902
24.4538
25.4365
26.5512
27.818
29.2855
30.9999
33.021
35.4267
38.3649
42.0298
46.6733
52.7082
60.6793
71.684
86.8164
107.122
133.44
149.286
15.005
15.015
15.025
15.0353
15.0457
15.0565
15.0676
15.0791
15.0911
15.1037
15.117
15.131
15.1458
15.1616
15.1783
15.1962
15.2153
15.2358
15.2578
15.2814
15.3068
15.3342
15.3636
15.3954
15.4297
15.4668
15.5069
15.5503
15.5972
15.6481
15.7033
15.7632
15.8283
15.8991
15.9761
16.0602
16.152
16.2524
16.3625
16.4835
16.6169
16.7643
16.9281
17.1107
17.3155
17.5467
17.803
18.0802
18.3817
18.7104
19.0685
19.4627
19.8972
20.3777
20.9097
21.5063
22.1859
22.9582
23.8374
24.8587
26.0558
27.4733
29.1705
31.2605
33.8981
37.2977
41.8328
48.0664
57.2273
71.1068
92.4597
125.441
148.941
15.0028
15.0085
15.0142
15.02
15.0259
15.032
15.0383
15.0448
15.0516
15.0587
15.0662
15.0742
15.0826
15.0915
15.101
15.1111
15.1219
15.1335
15.146
15.1593
15.1737
15.1892
15.2059
15.2239
15.2433
15.2643
15.287
15.3115
15.3381
15.3669
15.3982
15.4321
15.4689
15.509
15.5527
15.6002
15.6522
15.7091
15.7714
15.8399
15.9155
15.999
16.0917
16.1951
16.3112
16.4421
16.5873
16.7443
16.9152
17.1015
17.3045
17.5281
17.7746
18.0473
18.3494
18.6883
19.0748
19.5143
20.0154
20.5983
21.2829
22.0959
23.073
24.2825
25.8209
27.8269
30.554
34.4229
40.4419
50.5765
69.2947
107.891
148.183
15.0009
15.0027
15.0044
15.0063
15.0081
15.01
15.012
15.014
15.0162
15.0184
15.0208
15.0232
15.0259
15.0287
15.0316
15.0348
15.0382
15.0418
15.0457
15.0499
15.0544
15.0593
15.0645
15.0701
15.0762
15.0828
15.0899
15.0976
15.106
15.115
15.1248
15.1354
15.1469
15.1595
15.1732
15.1881
15.2044
15.2222
15.2417
15.2632
15.2869
15.313
15.3421
15.3745
15.4109
15.4519
15.4974
15.5467
15.6002
15.6586
15.7223
15.7924
15.8697
15.9552
16.05
16.1563
16.2776
16.4156
16.5731
16.7563
16.9717
17.2277
17.5359
17.9182
18.4059
19.0449
19.9205
21.181
23.2068
26.9285
35.6231
65.9296
146.379
